# /Users/nicolettemeyer/Documents/Dekas_Lab_Work/Hot2Cold/nanoSIMS_September_2021/20210908_std2_4/: 12C14N
# cell	MEAN1	Poiss_E1	MEAN2	Poiss_E2	MEAN3	Poiss_E3	MEAN4	Poiss_E4	MEAN5	Poiss_E5	MEAN6	Poiss_E6	MEAN7	Poiss_E7	MEAN8	Poiss_E8	MEAN9	Poiss_E9
# plane	POL=1		POL=2		POL=0		POL=4		POL=4		POL=5		POL=4		POL=1		POL=1	
1	5.212e+03	7.219e+01	2.018e+03	4.492e+01	1.492e+04	1.222e+02	3.035e+03	5.509e+01	1.156e+04	1.075e+02	1.967e+04	1.403e+02	8.023e+03	8.957e+01	2.126e+04	1.458e+02	6.661e+03	8.161e+01
2	5.512e+03	7.424e+01	2.819e+03	5.309e+01	1.534e+04	1.239e+02	3.443e+03	5.868e+01	1.127e+04	1.061e+02	2.096e+04	1.448e+02	8.260e+03	9.088e+01	2.231e+04	1.494e+02	7.000e+03	8.367e+01
3	5.567e+03	7.461e+01	2.787e+03	5.279e+01	1.547e+04	1.244e+02	4.001e+03	6.325e+01	1.071e+04	1.035e+02	2.185e+04	1.478e+02	8.640e+03	9.295e+01	2.310e+04	1.520e+02	7.162e+03	8.463e+01
4	5.662e+03	7.525e+01	2.884e+03	5.370e+01	1.591e+04	1.261e+02	4.505e+03	6.712e+01	9.528e+03	9.761e+01	2.206e+04	1.485e+02	8.431e+03	9.182e+01	2.330e+04	1.527e+02	6.826e+03	8.262e+01
5	5.506e+03	7.420e+01	3.018e+03	5.494e+01	1.536e+04	1.239e+02	4.980e+03	7.057e+01	9.040e+03	9.508e+01	2.260e+04	1.503e+02	8.035e+03	8.964e+01	2.292e+04	1.514e+02	6.812e+03	8.253e+01
6	5.519e+03	7.429e+01	2.909e+03	5.394e+01	1.581e+04	1.257e+02	4.607e+03	6.787e+01	8.962e+03	9.467e+01	2.195e+04	1.482e+02	7.557e+03	8.693e+01	2.162e+04	1.470e+02	6.327e+03	7.954e+01
7	5.360e+03	7.321e+01	2.804e+03	5.295e+01	1.571e+04	1.254e+02	4.177e+03	6.463e+01	8.780e+03	9.370e+01	2.173e+04	1.474e+02	7.177e+03	8.472e+01	2.135e+04	1.461e+02	5.929e+03	7.700e+01
8	5.210e+03	7.218e+01	2.620e+03	5.119e+01	1.582e+04	1.258e+02	3.819e+03	6.180e+01	8.384e+03	9.156e+01	2.124e+04	1.457e+02	6.927e+03	8.323e+01	2.085e+04	1.444e+02	5.931e+03	7.701e+01
9	5.158e+03	7.182e+01	3.128e+03	5.593e+01	1.467e+04	1.211e+02	3.177e+03	5.636e+01	8.878e+03	9.422e+01	2.002e+04	1.415e+02	6.345e+03	7.966e+01	2.118e+04	1.455e+02	5.848e+03	7.647e+01
10	5.158e+03	7.182e+01	3.000e+03	5.477e+01	1.497e+04	1.224e+02	2.732e+03	5.227e+01	8.809e+03	9.386e+01	2.028e+04	1.424e+02	6.118e+03	7.822e+01	2.150e+04	1.466e+02	5.349e+03	7.314e+01
11	4.840e+03	6.957e+01	2.864e+03	5.352e+01	1.540e+04	1.241e+02	2.483e+03	4.983e+01	8.847e+03	9.406e+01	1.991e+04	1.411e+02	6.085e+03	7.801e+01	1.985e+04	1.409e+02	5.198e+03	7.210e+01
12	4.819e+03	6.942e+01	2.875e+03	5.362e+01	1.485e+04	1.219e+02	2.199e+03	4.689e+01	8.281e+03	9.100e+01	1.937e+04	1.392e+02	5.774e+03	7.599e+01	2.037e+04	1.427e+02	4.826e+03	6.947e+01
13	4.561e+03	6.754e+01	2.695e+03	5.191e+01	1.551e+04	1.245e+02	2.165e+03	4.653e+01	7.763e+03	8.811e+01	1.966e+04	1.402e+02	5.802e+03	7.617e+01	2.024e+04	1.423e+02	4.587e+03	6.773e+01
14	4.642e+03	6.813e+01	2.528e+03	5.028e+01	1.513e+04	1.230e+02	2.087e+03	4.568e+01	7.492e+03	8.656e+01	1.939e+04	1.393e+02	5.487e+03	7.407e+01	2.022e+04	1.422e+02	4.507e+03	6.713e+01
15	4.316e+03	6.570e+01	2.563e+03	5.063e+01	1.508e+04	1.228e+02	2.006e+03	4.479e+01	7.542e+03	8.684e+01	1.875e+04	1.369e+02	5.403e+03	7.351e+01	2.049e+04	1.432e+02	4.339e+03	6.587e+01
16	4.110e+03	6.411e+01	2.415e+03	4.914e+01	1.534e+04	1.239e+02	1.957e+03	4.424e+01	7.401e+03	8.603e+01	1.797e+04	1.340e+02	5.353e+03	7.316e+01	2.026e+04	1.423e+02	4.144e+03	6.437e+01
17	4.066e+03	6.377e+01	2.307e+03	4.803e+01	1.474e+04	1.214e+02	1.919e+03	4.381e+01	7.133e+03	8.446e+01	1.743e+04	1.320e+02	5.117e+03	7.153e+01	2.050e+04	1.432e+02	3.942e+03	6.279e+01
18	3.981e+03	6.310e+01	2.272e+03	4.767e+01	1.503e+04	1.226e+02	1.832e+03	4.280e+01	6.992e+03	8.362e+01	1.716e+04	1.310e+02	4.997e+03	7.069e+01	1.956e+04	1.399e+02	3.848e+03	6.203e+01
19	3.883e+03	6.231e+01	2.171e+03	4.659e+01	1.495e+04	1.223e+02	1.777e+03	4.215e+01	6.860e+03	8.283e+01	1.614e+04	1.270e+02	5.180e+03	7.197e+01	1.978e+04	1.406e+02	3.632e+03	6.027e+01
20	3.886e+03	6.234e+01	2.144e+03	4.630e+01	1.497e+04	1.223e+02	1.711e+03	4.136e+01	6.759e+03	8.221e+01	1.619e+04	1.273e+02	4.992e+03	7.065e+01	1.904e+04	1.380e+02	3.321e+03	5.763e+01
