# /Users/nicolettemeyer/Documents/Dekas_Lab_Work/Hot2Cold/nanoSIMS_September_2021/20210907_Std2_1/: 32S
# cell	MEAN1	Poiss_E1	MEAN2	Poiss_E2	MEAN3	Poiss_E3	MEAN4	Poiss_E4	MEAN5	Poiss_E5	MEAN6	Poiss_E6	MEAN7	Poiss_E7	MEAN8	Poiss_E8	MEAN9	Poiss_E9	MEAN10	Poiss_E10	MEAN11	Poiss_E11	MEAN12	Poiss_E12	MEAN13	Poiss_E13	MEAN14	Poiss_E14	MEAN15	Poiss_E15	MEAN16	Poiss_E16	MEAN17	Poiss_E17	MEAN18	Poiss_E18	MEAN19	Poiss_E19	MEAN20	Poiss_E20	MEAN21	Poiss_E21	MEAN22	Poiss_E22	MEAN23	Poiss_E23	MEAN24	Poiss_E24	MEAN25	Poiss_E25	MEAN26	Poiss_E26	MEAN27	Poiss_E27	MEAN28	Poiss_E28	MEAN29	Poiss_E29	MEAN30	Poiss_E30	MEAN31	Poiss_E31
# plane	POL=2		POL=2		POL=2		POL=2		POL=2		POL=2		POL=2		POL=2		POL=5		POL=1		POL=2		POL=2		POL=1		POL=2		POL=1		POL=2		POL=3		POL=2		POL=1		POL=2		POL=1		POL=0		POL=1		POL=1		POL=2		POL=4		POL=2		POL=2		POL=2		POL=3		POL=1	
1	7.000e+00	2.646e+00	1.800e+01	4.243e+00	3.200e+01	5.657e+00	1.300e+01	3.606e+00	3.000e+00	1.732e+00	7.000e+00	2.646e+00	3.000e+00	1.732e+00	4.100e+01	6.403e+00	3.000e+00	1.732e+00	0.000e+00	0.000e+00	1.400e+01	3.742e+00	1.700e+01	4.123e+00	2.000e+00	1.414e+00	1.300e+01	3.606e+00	6.000e+00	2.449e+00	1.700e+01	4.123e+00	1.000e+01	3.162e+00	1.300e+01	3.606e+00	1.000e+00	1.000e+00	1.900e+01	4.359e+00	6.000e+00	2.449e+00	1.000e+01	3.162e+00	2.000e+00	1.414e+00	4.000e+00	2.000e+00	2.800e+01	5.292e+00	9.000e+00	3.000e+00	7.000e+00	2.646e+00	1.300e+01	3.606e+00	1.000e+00	1.000e+00	5.000e+00	2.236e+00	1.000e+00	1.000e+00
2	6.000e+00	2.449e+00	3.500e+01	5.916e+00	6.200e+01	7.874e+00	1.200e+01	3.464e+00	5.000e+00	2.236e+00	1.100e+01	3.317e+00	9.000e+00	3.000e+00	4.300e+01	6.557e+00	2.000e+00	1.414e+00	1.000e+00	1.000e+00	7.000e+00	2.646e+00	3.000e+01	5.477e+00	7.000e+00	2.646e+00	1.400e+01	3.742e+00	7.000e+00	2.646e+00	1.300e+01	3.606e+00	1.300e+01	3.606e+00	1.900e+01	4.359e+00	6.000e+00	2.449e+00	2.300e+01	4.796e+00	6.000e+00	2.449e+00	1.800e+01	4.243e+00	9.000e+00	3.000e+00	5.000e+00	2.236e+00	2.100e+01	4.583e+00	5.000e+00	2.236e+00	5.000e+00	2.236e+00	1.800e+01	4.243e+00	6.000e+00	2.449e+00	1.000e+01	3.162e+00	2.000e+00	1.414e+00
3	2.100e+01	4.583e+00	4.500e+01	6.708e+00	7.400e+01	8.602e+00	2.800e+01	5.292e+00	1.200e+01	3.464e+00	1.000e+01	3.162e+00	1.200e+01	3.464e+00	5.300e+01	7.280e+00	5.000e+00	2.236e+00	2.000e+00	1.414e+00	1.200e+01	3.464e+00	2.300e+01	4.796e+00	5.000e+00	2.236e+00	2.100e+01	4.583e+00	6.000e+00	2.449e+00	1.200e+01	3.464e+00	1.200e+01	3.464e+00	2.600e+01	5.099e+00	7.000e+00	2.646e+00	3.700e+01	6.083e+00	9.000e+00	3.000e+00	1.500e+01	3.873e+00	7.000e+00	2.646e+00	1.100e+01	3.317e+00	4.300e+01	6.557e+00	5.000e+00	2.236e+00	7.000e+00	2.646e+00	3.000e+01	5.477e+00	4.000e+00	2.000e+00	1.500e+01	3.873e+00	3.000e+00	1.732e+00
4	1.000e+01	3.162e+00	4.300e+01	6.557e+00	1.210e+02	1.100e+01	2.200e+01	4.690e+00	1.400e+01	3.742e+00	1.100e+01	3.317e+00	1.300e+01	3.606e+00	5.100e+01	7.141e+00	6.000e+00	2.449e+00	4.000e+00	2.000e+00	3.100e+01	5.568e+00	4.900e+01	7.000e+00	4.000e+00	2.000e+00	2.700e+01	5.196e+00	9.000e+00	3.000e+00	1.100e+01	3.317e+00	1.500e+01	3.873e+00	3.800e+01	6.164e+00	7.000e+00	2.646e+00	4.700e+01	6.856e+00	1.300e+01	3.606e+00	2.400e+01	4.899e+00	1.000e+01	3.162e+00	8.000e+00	2.828e+00	5.200e+01	7.211e+00	7.000e+00	2.646e+00	7.000e+00	2.646e+00	2.700e+01	5.196e+00	3.000e+00	1.732e+00	2.200e+01	4.690e+00	5.000e+00	2.236e+00
5	2.600e+01	5.099e+00	6.300e+01	7.937e+00	1.330e+02	1.153e+01	3.500e+01	5.916e+00	1.300e+01	3.606e+00	9.000e+00	3.000e+00	1.700e+01	4.123e+00	6.000e+01	7.746e+00	1.100e+01	3.317e+00	2.000e+00	1.414e+00	3.300e+01	5.745e+00	6.300e+01	7.937e+00	5.000e+00	2.236e+00	3.600e+01	6.000e+00	1.700e+01	4.123e+00	1.100e+01	3.317e+00	1.600e+01	4.000e+00	4.000e+01	6.325e+00	7.000e+00	2.646e+00	5.800e+01	7.616e+00	1.500e+01	3.873e+00	2.100e+01	4.583e+00	2.600e+01	5.099e+00	1.000e+01	3.162e+00	5.800e+01	7.616e+00	1.100e+01	3.317e+00	1.000e+01	3.162e+00	6.100e+01	7.810e+00	1.400e+01	3.742e+00	2.100e+01	4.583e+00	4.000e+00	2.000e+00
6	3.200e+01	5.657e+00	6.200e+01	7.874e+00	1.190e+02	1.091e+01	4.000e+01	6.325e+00	1.500e+01	3.873e+00	1.500e+01	3.873e+00	2.700e+01	5.196e+00	5.300e+01	7.280e+00	8.000e+00	2.828e+00	1.000e+00	1.000e+00	4.500e+01	6.708e+00	4.400e+01	6.633e+00	1.200e+01	3.464e+00	3.500e+01	5.916e+00	2.200e+01	4.690e+00	2.000e+01	4.472e+00	2.700e+01	5.196e+00	5.100e+01	7.141e+00	6.000e+00	2.449e+00	7.000e+01	8.367e+00	1.100e+01	3.317e+00	2.100e+01	4.583e+00	1.900e+01	4.359e+00	1.700e+01	4.123e+00	5.500e+01	7.416e+00	1.200e+01	3.464e+00	2.200e+01	4.690e+00	6.000e+01	7.746e+00	1.700e+01	4.123e+00	4.400e+01	6.633e+00	4.000e+00	2.000e+00
7	4.600e+01	6.782e+00	6.900e+01	8.307e+00	1.760e+02	1.327e+01	3.000e+01	5.477e+00	1.800e+01	4.243e+00	1.400e+01	3.742e+00	3.200e+01	5.657e+00	8.200e+01	9.055e+00	1.400e+01	3.742e+00	6.000e+00	2.449e+00	4.900e+01	7.000e+00	4.800e+01	6.928e+00	1.200e+01	3.464e+00	3.200e+01	5.657e+00	2.800e+01	5.292e+00	2.000e+01	4.472e+00	1.700e+01	4.123e+00	5.400e+01	7.348e+00	9.000e+00	3.000e+00	8.200e+01	9.055e+00	5.000e+00	2.236e+00	2.600e+01	5.099e+00	1.700e+01	4.123e+00	1.700e+01	4.123e+00	8.600e+01	9.274e+00	1.200e+01	3.464e+00	1.600e+01	4.000e+00	6.600e+01	8.124e+00	1.100e+01	3.317e+00	4.500e+01	6.708e+00	2.000e+00	1.414e+00
8	4.900e+01	7.000e+00	6.900e+01	8.307e+00	1.730e+02	1.315e+01	5.000e+01	7.071e+00	1.900e+01	4.359e+00	1.900e+01	4.359e+00	3.800e+01	6.164e+00	1.060e+02	1.030e+01	2.000e+01	4.472e+00	5.000e+00	2.236e+00	6.000e+01	7.746e+00	5.200e+01	7.211e+00	9.000e+00	3.000e+00	3.000e+01	5.477e+00	2.600e+01	5.099e+00	2.100e+01	4.583e+00	3.600e+01	6.000e+00	4.900e+01	7.000e+00	1.000e+01	3.162e+00	8.000e+01	8.944e+00	9.000e+00	3.000e+00	3.200e+01	5.657e+00	1.600e+01	4.000e+00	1.400e+01	3.742e+00	7.700e+01	8.775e+00	1.400e+01	3.742e+00	1.400e+01	3.742e+00	6.400e+01	8.000e+00	1.300e+01	3.606e+00	6.500e+01	8.062e+00	1.300e+01	3.606e+00
9	3.100e+01	5.568e+00	7.200e+01	8.485e+00	1.820e+02	1.349e+01	4.600e+01	6.782e+00	2.000e+01	4.472e+00	1.700e+01	4.123e+00	4.300e+01	6.557e+00	1.000e+02	1.000e+01	1.200e+01	3.464e+00	5.000e+00	2.236e+00	4.200e+01	6.481e+00	5.300e+01	7.280e+00	5.000e+00	2.236e+00	3.800e+01	6.164e+00	2.600e+01	5.099e+00	2.400e+01	4.899e+00	2.200e+01	4.690e+00	6.300e+01	7.937e+00	1.000e+01	3.162e+00	7.800e+01	8.832e+00	7.000e+00	2.646e+00	1.900e+01	4.359e+00	1.900e+01	4.359e+00	2.300e+01	4.796e+00	8.200e+01	9.055e+00	1.000e+01	3.162e+00	3.100e+01	5.568e+00	8.600e+01	9.274e+00	2.600e+01	5.099e+00	6.500e+01	8.062e+00	1.000e+00	1.000e+00
10	4.700e+01	6.856e+00	9.600e+01	9.798e+00	1.990e+02	1.411e+01	3.900e+01	6.245e+00	2.500e+01	5.000e+00	1.500e+01	3.873e+00	3.800e+01	6.164e+00	9.500e+01	9.747e+00	2.100e+01	4.583e+00	1.100e+01	3.317e+00	5.100e+01	7.141e+00	5.300e+01	7.280e+00	1.900e+01	4.359e+00	4.200e+01	6.481e+00	2.000e+01	4.472e+00	1.900e+01	4.359e+00	2.900e+01	5.385e+00	6.100e+01	7.810e+00	9.000e+00	3.000e+00	1.120e+02	1.058e+01	1.000e+01	3.162e+00	1.900e+01	4.359e+00	1.600e+01	4.000e+00	6.000e+00	2.449e+00	7.200e+01	8.485e+00	1.200e+01	3.464e+00	2.500e+01	5.000e+00	8.800e+01	9.381e+00	1.500e+01	3.873e+00	5.200e+01	7.211e+00	1.100e+01	3.317e+00
11	5.500e+01	7.416e+00	7.800e+01	8.832e+00	1.810e+02	1.345e+01	6.200e+01	7.874e+00	2.300e+01	4.796e+00	2.800e+01	5.292e+00	4.600e+01	6.782e+00	1.080e+02	1.039e+01	1.800e+01	4.243e+00	1.500e+01	3.873e+00	7.100e+01	8.426e+00	8.100e+01	9.000e+00	9.000e+00	3.000e+00	3.300e+01	5.745e+00	2.100e+01	4.583e+00	2.400e+01	4.899e+00	4.100e+01	6.403e+00	8.700e+01	9.327e+00	1.200e+01	3.464e+00	1.030e+02	1.015e+01	8.000e+00	2.828e+00	3.300e+01	5.745e+00	1.900e+01	4.359e+00	1.900e+01	4.359e+00	8.800e+01	9.381e+00	1.700e+01	4.123e+00	2.200e+01	4.690e+00	1.080e+02	1.039e+01	1.100e+01	3.317e+00	9.300e+01	9.644e+00	1.200e+01	3.464e+00
12	4.200e+01	6.481e+00	9.400e+01	9.695e+00	1.780e+02	1.334e+01	5.300e+01	7.280e+00	1.900e+01	4.359e+00	2.400e+01	4.899e+00	2.400e+01	4.899e+00	1.270e+02	1.127e+01	1.600e+01	4.000e+00	1.300e+01	3.606e+00	7.700e+01	8.775e+00	5.800e+01	7.616e+00	9.000e+00	3.000e+00	5.700e+01	7.550e+00	3.500e+01	5.916e+00	2.500e+01	5.000e+00	3.700e+01	6.083e+00	6.900e+01	8.307e+00	1.300e+01	3.606e+00	1.000e+02	1.000e+01	9.000e+00	3.000e+00	3.200e+01	5.657e+00	1.500e+01	3.873e+00	2.700e+01	5.196e+00	1.010e+02	1.005e+01	2.000e+01	4.472e+00	2.700e+01	5.196e+00	7.900e+01	8.888e+00	2.000e+01	4.472e+00	9.500e+01	9.747e+00	7.000e+00	2.646e+00
13	4.900e+01	7.000e+00	1.040e+02	1.020e+01	2.020e+02	1.421e+01	5.100e+01	7.141e+00	2.700e+01	5.196e+00	2.300e+01	4.796e+00	5.100e+01	7.141e+00	1.310e+02	1.145e+01	2.800e+01	5.292e+00	2.600e+01	5.099e+00	7.500e+01	8.660e+00	6.400e+01	8.000e+00	2.100e+01	4.583e+00	3.900e+01	6.245e+00	3.300e+01	5.745e+00	2.100e+01	4.583e+00	3.700e+01	6.083e+00	7.400e+01	8.602e+00	2.800e+01	5.292e+00	1.190e+02	1.091e+01	1.200e+01	3.464e+00	4.300e+01	6.557e+00	2.800e+01	5.292e+00	1.700e+01	4.123e+00	8.000e+01	8.944e+00	2.100e+01	4.583e+00	2.000e+01	4.472e+00	1.090e+02	1.044e+01	1.600e+01	4.000e+00	8.500e+01	9.220e+00	1.200e+01	3.464e+00
14	4.400e+01	6.633e+00	9.800e+01	9.899e+00	1.830e+02	1.353e+01	5.200e+01	7.211e+00	2.600e+01	5.099e+00	2.400e+01	4.899e+00	4.200e+01	6.481e+00	1.190e+02	1.091e+01	3.400e+01	5.831e+00	2.900e+01	5.385e+00	8.900e+01	9.434e+00	8.300e+01	9.110e+00	1.000e+01	3.162e+00	5.100e+01	7.141e+00	4.400e+01	6.633e+00	3.200e+01	5.657e+00	3.100e+01	5.568e+00	9.400e+01	9.695e+00	1.200e+01	3.464e+00	1.190e+02	1.091e+01	1.400e+01	3.742e+00	2.600e+01	5.099e+00	2.900e+01	5.385e+00	2.900e+01	5.385e+00	1.010e+02	1.005e+01	2.300e+01	4.796e+00	3.300e+01	5.745e+00	1.040e+02	1.020e+01	1.900e+01	4.359e+00	7.500e+01	8.660e+00	1.000e+01	3.162e+00
15	4.800e+01	6.928e+00	1.280e+02	1.131e+01	2.510e+02	1.584e+01	4.100e+01	6.403e+00	3.400e+01	5.831e+00	2.500e+01	5.000e+00	3.400e+01	5.831e+00	1.530e+02	1.237e+01	2.700e+01	5.196e+00	2.200e+01	4.690e+00	6.700e+01	8.185e+00	7.400e+01	8.602e+00	1.400e+01	3.742e+00	4.100e+01	6.403e+00	3.600e+01	6.000e+00	3.300e+01	5.745e+00	3.200e+01	5.657e+00	7.500e+01	8.660e+00	1.700e+01	4.123e+00	1.170e+02	1.082e+01	1.600e+01	4.000e+00	3.200e+01	5.657e+00	2.500e+01	5.000e+00	1.600e+01	4.000e+00	8.400e+01	9.165e+00	3.500e+01	5.916e+00	2.900e+01	5.385e+00	1.320e+02	1.149e+01	2.100e+01	4.583e+00	1.110e+02	1.054e+01	7.000e+00	2.646e+00
16	4.400e+01	6.633e+00	1.040e+02	1.020e+01	2.610e+02	1.616e+01	6.700e+01	8.185e+00	2.800e+01	5.292e+00	2.100e+01	4.583e+00	4.400e+01	6.633e+00	1.490e+02	1.221e+01	3.600e+01	6.000e+00	4.600e+01	6.782e+00	7.100e+01	8.426e+00	6.200e+01	7.874e+00	1.900e+01	4.359e+00	3.800e+01	6.164e+00	4.400e+01	6.633e+00	2.900e+01	5.385e+00	2.800e+01	5.292e+00	1.050e+02	1.025e+01	1.800e+01	4.243e+00	1.350e+02	1.162e+01	1.700e+01	4.123e+00	2.400e+01	4.899e+00	3.000e+01	5.477e+00	2.700e+01	5.196e+00	1.000e+02	1.000e+01	2.000e+01	4.472e+00	3.500e+01	5.916e+00	1.060e+02	1.030e+01	2.300e+01	4.796e+00	9.500e+01	9.747e+00	8.000e+00	2.828e+00
17	6.700e+01	8.185e+00	1.180e+02	1.086e+01	2.520e+02	1.587e+01	5.400e+01	7.348e+00	3.600e+01	6.000e+00	1.700e+01	4.123e+00	5.000e+01	7.071e+00	1.480e+02	1.217e+01	2.200e+01	4.690e+00	3.500e+01	5.916e+00	9.400e+01	9.695e+00	8.700e+01	9.327e+00	1.500e+01	3.873e+00	5.300e+01	7.280e+00	4.300e+01	6.557e+00	2.400e+01	4.899e+00	3.200e+01	5.657e+00	1.040e+02	1.020e+01	2.500e+01	5.000e+00	1.440e+02	1.200e+01	1.100e+01	3.317e+00	3.000e+01	5.477e+00	3.100e+01	5.568e+00	2.400e+01	4.899e+00	1.140e+02	1.068e+01	2.500e+01	5.000e+00	3.200e+01	5.657e+00	1.270e+02	1.127e+01	2.300e+01	4.796e+00	1.080e+02	1.039e+01	1.700e+01	4.123e+00
18	5.200e+01	7.211e+00	1.070e+02	1.034e+01	2.460e+02	1.568e+01	4.700e+01	6.856e+00	2.100e+01	4.583e+00	1.500e+01	3.873e+00	3.700e+01	6.083e+00	1.520e+02	1.233e+01	3.600e+01	6.000e+00	4.200e+01	6.481e+00	8.300e+01	9.110e+00	8.800e+01	9.381e+00	2.100e+01	4.583e+00	5.000e+01	7.071e+00	4.600e+01	6.782e+00	2.600e+01	5.099e+00	2.300e+01	4.796e+00	1.140e+02	1.068e+01	2.500e+01	5.000e+00	1.330e+02	1.153e+01	1.500e+01	3.873e+00	3.400e+01	5.831e+00	2.800e+01	5.292e+00	2.600e+01	5.099e+00	1.170e+02	1.082e+01	2.600e+01	5.099e+00	4.200e+01	6.481e+00	1.360e+02	1.166e+01	1.500e+01	3.873e+00	1.200e+02	1.095e+01	1.700e+01	4.123e+00
19	5.400e+01	7.348e+00	1.080e+02	1.039e+01	2.300e+02	1.517e+01	5.900e+01	7.681e+00	3.300e+01	5.745e+00	3.200e+01	5.657e+00	4.000e+01	6.325e+00	1.870e+02	1.367e+01	3.200e+01	5.657e+00	5.400e+01	7.348e+00	1.010e+02	1.005e+01	9.700e+01	9.849e+00	3.100e+01	5.568e+00	5.500e+01	7.416e+00	4.600e+01	6.782e+00	2.800e+01	5.292e+00	2.300e+01	4.796e+00	1.370e+02	1.170e+01	2.600e+01	5.099e+00	1.270e+02	1.127e+01	1.800e+01	4.243e+00	4.400e+01	6.633e+00	3.400e+01	5.831e+00	2.500e+01	5.000e+00	1.030e+02	1.015e+01	4.100e+01	6.403e+00	3.400e+01	5.831e+00	1.270e+02	1.127e+01	2.300e+01	4.796e+00	1.050e+02	1.025e+01	8.000e+00	2.828e+00
20	5.400e+01	7.348e+00	1.070e+02	1.034e+01	2.110e+02	1.453e+01	5.600e+01	7.483e+00	2.900e+01	5.385e+00	2.800e+01	5.292e+00	3.100e+01	5.568e+00	1.900e+02	1.378e+01	3.100e+01	5.568e+00	5.500e+01	7.416e+00	1.120e+02	1.058e+01	8.000e+01	8.944e+00	2.400e+01	4.899e+00	4.100e+01	6.403e+00	4.800e+01	6.928e+00	2.900e+01	5.385e+00	2.800e+01	5.292e+00	1.390e+02	1.179e+01	2.000e+01	4.472e+00	1.560e+02	1.249e+01	1.600e+01	4.000e+00	3.200e+01	5.657e+00	3.500e+01	5.916e+00	1.900e+01	4.359e+00	1.040e+02	1.020e+01	3.800e+01	6.164e+00	3.000e+01	5.477e+00	1.370e+02	1.170e+01	2.900e+01	5.385e+00	6.900e+01	8.307e+00	2.100e+01	4.583e+00
21	6.600e+01	8.124e+00	1.300e+02	1.140e+01	2.710e+02	1.646e+01	4.400e+01	6.633e+00	2.900e+01	5.385e+00	1.900e+01	4.359e+00	4.100e+01	6.403e+00	1.940e+02	1.393e+01	2.500e+01	5.000e+00	5.600e+01	7.483e+00	9.800e+01	9.899e+00	1.090e+02	1.044e+01	1.600e+01	4.000e+00	5.300e+01	7.280e+00	4.200e+01	6.481e+00	1.700e+01	4.123e+00	1.600e+01	4.000e+00	1.300e+02	1.140e+01	4.500e+01	6.708e+00	1.580e+02	1.257e+01	2.000e+01	4.472e+00	4.300e+01	6.557e+00	4.100e+01	6.403e+00	2.100e+01	4.583e+00	1.340e+02	1.158e+01	3.100e+01	5.568e+00	3.700e+01	6.083e+00	1.140e+02	1.068e+01	1.900e+01	4.359e+00	9.100e+01	9.539e+00	2.400e+01	4.899e+00
22	3.600e+01	6.000e+00	1.230e+02	1.109e+01	2.610e+02	1.616e+01	5.200e+01	7.211e+00	2.500e+01	5.000e+00	2.400e+01	4.899e+00	4.000e+01	6.325e+00	1.850e+02	1.360e+01	3.200e+01	5.657e+00	5.400e+01	7.348e+00	1.190e+02	1.091e+01	9.400e+01	9.695e+00	2.000e+01	4.472e+00	4.600e+01	6.782e+00	3.800e+01	6.164e+00	2.600e+01	5.099e+00	1.000e+01	3.162e+00	1.160e+02	1.077e+01	3.900e+01	6.245e+00	1.410e+02	1.187e+01	2.900e+01	5.385e+00	3.300e+01	5.745e+00	4.800e+01	6.928e+00	2.900e+01	5.385e+00	1.120e+02	1.058e+01	2.900e+01	5.385e+00	4.600e+01	6.782e+00	1.070e+02	1.034e+01	2.400e+01	4.899e+00	8.000e+01	8.944e+00	2.200e+01	4.690e+00
23	4.200e+01	6.481e+00	1.410e+02	1.187e+01	2.500e+02	1.581e+01	5.500e+01	7.416e+00	2.700e+01	5.196e+00	3.000e+01	5.477e+00	3.000e+01	5.477e+00	1.800e+02	1.342e+01	3.500e+01	5.916e+00	6.900e+01	8.307e+00	1.050e+02	1.025e+01	9.200e+01	9.592e+00	2.300e+01	4.796e+00	4.900e+01	7.000e+00	4.800e+01	6.928e+00	2.200e+01	4.690e+00	2.700e+01	5.196e+00	9.700e+01	9.849e+00	2.800e+01	5.292e+00	1.270e+02	1.127e+01	1.600e+01	4.000e+00	1.900e+01	4.359e+00	3.100e+01	5.568e+00	4.100e+01	6.403e+00	1.020e+02	1.010e+01	2.800e+01	5.292e+00	3.900e+01	6.245e+00	1.310e+02	1.145e+01	3.100e+01	5.568e+00	8.100e+01	9.000e+00	3.200e+01	5.657e+00
24	4.200e+01	6.481e+00	1.330e+02	1.153e+01	2.910e+02	1.706e+01	4.500e+01	6.708e+00	2.500e+01	5.000e+00	2.500e+01	5.000e+00	3.000e+01	5.477e+00	2.220e+02	1.490e+01	3.700e+01	6.083e+00	6.100e+01	7.810e+00	1.360e+02	1.166e+01	8.200e+01	9.055e+00	2.800e+01	5.292e+00	5.500e+01	7.416e+00	5.100e+01	7.141e+00	2.800e+01	5.292e+00	1.500e+01	3.873e+00	1.190e+02	1.091e+01	2.000e+01	4.472e+00	1.260e+02	1.122e+01	2.200e+01	4.690e+00	2.500e+01	5.000e+00	4.000e+01	6.325e+00	3.600e+01	6.000e+00	1.260e+02	1.122e+01	4.000e+01	6.325e+00	4.300e+01	6.557e+00	1.520e+02	1.233e+01	3.600e+01	6.000e+00	8.200e+01	9.055e+00	3.100e+01	5.568e+00
25	5.000e+01	7.071e+00	1.450e+02	1.204e+01	2.820e+02	1.679e+01	5.200e+01	7.211e+00	2.500e+01	5.000e+00	2.500e+01	5.000e+00	4.600e+01	6.782e+00	2.070e+02	1.439e+01	4.500e+01	6.708e+00	6.200e+01	7.874e+00	9.100e+01	9.539e+00	9.200e+01	9.592e+00	3.300e+01	5.745e+00	5.200e+01	7.211e+00	6.000e+01	7.746e+00	2.900e+01	5.385e+00	1.600e+01	4.000e+00	1.090e+02	1.044e+01	3.500e+01	5.916e+00	1.440e+02	1.200e+01	2.300e+01	4.796e+00	1.900e+01	4.359e+00	2.800e+01	5.292e+00	3.400e+01	5.831e+00	1.290e+02	1.136e+01	5.000e+01	7.071e+00	3.100e+01	5.568e+00	1.460e+02	1.208e+01	3.300e+01	5.745e+00	9.100e+01	9.539e+00	3.500e+01	5.916e+00
26	5.400e+01	7.348e+00	1.510e+02	1.229e+01	2.590e+02	1.609e+01	6.600e+01	8.124e+00	3.200e+01	5.657e+00	2.800e+01	5.292e+00	4.600e+01	6.782e+00	2.030e+02	1.425e+01	2.400e+01	4.899e+00	6.900e+01	8.307e+00	1.130e+02	1.063e+01	1.050e+02	1.025e+01	2.700e+01	5.196e+00	5.200e+01	7.211e+00	4.400e+01	6.633e+00	2.700e+01	5.196e+00	8.000e+00	2.828e+00	9.800e+01	9.899e+00	3.300e+01	5.745e+00	1.690e+02	1.300e+01	2.500e+01	5.000e+00	3.700e+01	6.083e+00	3.200e+01	5.657e+00	3.300e+01	5.745e+00	8.400e+01	9.165e+00	5.900e+01	7.681e+00	2.400e+01	4.899e+00	1.430e+02	1.196e+01	2.600e+01	5.099e+00	8.400e+01	9.165e+00	3.100e+01	5.568e+00
27	3.200e+01	5.657e+00	1.490e+02	1.221e+01	2.520e+02	1.587e+01	4.800e+01	6.928e+00	2.900e+01	5.385e+00	3.000e+01	5.477e+00	3.500e+01	5.916e+00	2.110e+02	1.453e+01	3.800e+01	6.164e+00	6.500e+01	8.062e+00	1.100e+02	1.049e+01	1.010e+02	1.005e+01	2.700e+01	5.196e+00	4.900e+01	7.000e+00	4.800e+01	6.928e+00	2.200e+01	4.690e+00	1.900e+01	4.359e+00	1.210e+02	1.100e+01	2.700e+01	5.196e+00	1.590e+02	1.261e+01	1.500e+01	3.873e+00	3.200e+01	5.657e+00	3.500e+01	5.916e+00	2.300e+01	4.796e+00	1.390e+02	1.179e+01	3.800e+01	6.164e+00	3.500e+01	5.916e+00	1.690e+02	1.300e+01	3.600e+01	6.000e+00	6.000e+01	7.746e+00	3.100e+01	5.568e+00
28	3.600e+01	6.000e+00	1.240e+02	1.114e+01	2.640e+02	1.625e+01	5.400e+01	7.348e+00	3.600e+01	6.000e+00	3.000e+01	5.477e+00	4.100e+01	6.403e+00	1.940e+02	1.393e+01	4.300e+01	6.557e+00	1.010e+02	1.005e+01	1.300e+02	1.140e+01	1.110e+02	1.054e+01	2.300e+01	4.796e+00	7.000e+01	8.367e+00	5.800e+01	7.616e+00	2.200e+01	4.690e+00	1.300e+01	3.606e+00	1.090e+02	1.044e+01	4.500e+01	6.708e+00	1.710e+02	1.308e+01	1.800e+01	4.243e+00	3.800e+01	6.164e+00	3.700e+01	6.083e+00	4.200e+01	6.481e+00	1.190e+02	1.091e+01	3.400e+01	5.831e+00	2.800e+01	5.292e+00	1.610e+02	1.269e+01	3.100e+01	5.568e+00	7.600e+01	8.718e+00	3.800e+01	6.164e+00
29	4.500e+01	6.708e+00	1.270e+02	1.127e+01	2.710e+02	1.646e+01	6.800e+01	8.246e+00	4.400e+01	6.633e+00	2.700e+01	5.196e+00	3.700e+01	6.083e+00	2.130e+02	1.459e+01	3.000e+01	5.477e+00	7.800e+01	8.832e+00	1.330e+02	1.153e+01	1.010e+02	1.005e+01	3.100e+01	5.568e+00	5.900e+01	7.681e+00	5.200e+01	7.211e+00	3.200e+01	5.657e+00	1.900e+01	4.359e+00	1.070e+02	1.034e+01	3.800e+01	6.164e+00	1.450e+02	1.204e+01	2.700e+01	5.196e+00	3.300e+01	5.745e+00	4.200e+01	6.481e+00	3.900e+01	6.245e+00	1.310e+02	1.145e+01	4.800e+01	6.928e+00	2.900e+01	5.385e+00	1.370e+02	1.170e+01	2.800e+01	5.292e+00	5.300e+01	7.280e+00	4.200e+01	6.481e+00
30	4.000e+01	6.325e+00	1.520e+02	1.233e+01	2.670e+02	1.634e+01	6.400e+01	8.000e+00	2.900e+01	5.385e+00	2.800e+01	5.292e+00	3.100e+01	5.568e+00	2.360e+02	1.536e+01	3.200e+01	5.657e+00	9.900e+01	9.950e+00	1.430e+02	1.196e+01	1.000e+02	1.000e+01	2.800e+01	5.292e+00	5.400e+01	7.348e+00	6.100e+01	7.810e+00	1.100e+01	3.317e+00	1.100e+01	3.317e+00	1.240e+02	1.114e+01	3.500e+01	5.916e+00	1.390e+02	1.179e+01	2.000e+01	4.472e+00	3.600e+01	6.000e+00	4.600e+01	6.782e+00	2.700e+01	5.196e+00	1.000e+02	1.000e+01	3.700e+01	6.083e+00	2.600e+01	5.099e+00	1.700e+02	1.304e+01	2.900e+01	5.385e+00	6.100e+01	7.810e+00	3.200e+01	5.657e+00
31	4.600e+01	6.782e+00	1.320e+02	1.149e+01	2.710e+02	1.646e+01	5.600e+01	7.483e+00	2.200e+01	4.690e+00	3.600e+01	6.000e+00	2.700e+01	5.196e+00	1.910e+02	1.382e+01	3.400e+01	5.831e+00	7.300e+01	8.544e+00	1.460e+02	1.208e+01	9.300e+01	9.644e+00	2.700e+01	5.196e+00	4.900e+01	7.000e+00	5.000e+01	7.071e+00	2.700e+01	5.196e+00	1.000e+01	3.162e+00	9.600e+01	9.798e+00	4.400e+01	6.633e+00	1.630e+02	1.277e+01	2.900e+01	5.385e+00	2.000e+01	4.472e+00	3.600e+01	6.000e+00	4.200e+01	6.481e+00	1.220e+02	1.105e+01	3.800e+01	6.164e+00	2.100e+01	4.583e+00	1.650e+02	1.285e+01	2.900e+01	5.385e+00	5.700e+01	7.550e+00	4.600e+01	6.782e+00
32	2.000e+01	4.472e+00	1.560e+02	1.249e+01	2.610e+02	1.616e+01	4.800e+01	6.928e+00	3.600e+01	6.000e+00	2.700e+01	5.196e+00	2.800e+01	5.292e+00	1.990e+02	1.411e+01	4.300e+01	6.557e+00	8.500e+01	9.220e+00	1.390e+02	1.179e+01	1.080e+02	1.039e+01	2.700e+01	5.196e+00	4.400e+01	6.633e+00	4.600e+01	6.782e+00	2.000e+01	4.472e+00	1.000e+01	3.162e+00	1.340e+02	1.158e+01	3.700e+01	6.083e+00	1.400e+02	1.183e+01	2.200e+01	4.690e+00	3.300e+01	5.745e+00	3.900e+01	6.245e+00	3.200e+01	5.657e+00	1.190e+02	1.091e+01	4.300e+01	6.557e+00	2.600e+01	5.099e+00	1.570e+02	1.253e+01	1.800e+01	4.243e+00	7.300e+01	8.544e+00	3.800e+01	6.164e+00
33	3.300e+01	5.745e+00	1.480e+02	1.217e+01	3.300e+02	1.817e+01	5.100e+01	7.141e+00	3.600e+01	6.000e+00	3.400e+01	5.831e+00	2.100e+01	4.583e+00	2.270e+02	1.507e+01	3.300e+01	5.745e+00	1.090e+02	1.044e+01	1.600e+02	1.265e+01	1.340e+02	1.158e+01	2.200e+01	4.690e+00	5.200e+01	7.211e+00	5.200e+01	7.211e+00	2.600e+01	5.099e+00	5.000e+00	2.236e+00	1.030e+02	1.015e+01	4.500e+01	6.708e+00	1.330e+02	1.153e+01	1.200e+01	3.464e+00	2.500e+01	5.000e+00	4.500e+01	6.708e+00	2.800e+01	5.292e+00	8.700e+01	9.327e+00	4.300e+01	6.557e+00	2.900e+01	5.385e+00	1.650e+02	1.285e+01	1.700e+01	4.123e+00	4.100e+01	6.403e+00	3.000e+01	5.477e+00
34	2.000e+01	4.472e+00	1.310e+02	1.145e+01	3.190e+02	1.786e+01	6.000e+01	7.746e+00	3.500e+01	5.916e+00	2.500e+01	5.000e+00	8.000e+00	2.828e+00	2.480e+02	1.575e+01	2.300e+01	4.796e+00	9.400e+01	9.695e+00	1.600e+02	1.265e+01	8.800e+01	9.381e+00	2.600e+01	5.099e+00	5.300e+01	7.280e+00	4.800e+01	6.928e+00	1.800e+01	4.243e+00	7.000e+00	2.646e+00	1.220e+02	1.105e+01	4.700e+01	6.856e+00	1.530e+02	1.237e+01	1.800e+01	4.243e+00	4.100e+01	6.403e+00	5.200e+01	7.211e+00	4.800e+01	6.928e+00	1.000e+02	1.000e+01	4.200e+01	6.481e+00	1.900e+01	4.359e+00	1.880e+02	1.371e+01	2.500e+01	5.000e+00	6.600e+01	8.124e+00	3.800e+01	6.164e+00
35	2.800e+01	5.292e+00	1.630e+02	1.277e+01	2.830e+02	1.682e+01	5.500e+01	7.416e+00	4.400e+01	6.633e+00	2.200e+01	4.690e+00	2.300e+01	4.796e+00	2.090e+02	1.446e+01	2.600e+01	5.099e+00	7.200e+01	8.485e+00	1.420e+02	1.192e+01	1.210e+02	1.100e+01	2.900e+01	5.385e+00	5.000e+01	7.071e+00	6.400e+01	8.000e+00	1.500e+01	3.873e+00	1.100e+01	3.317e+00	1.400e+02	1.183e+01	4.600e+01	6.782e+00	1.480e+02	1.217e+01	2.400e+01	4.899e+00	4.100e+01	6.403e+00	4.900e+01	7.000e+00	3.400e+01	5.831e+00	1.030e+02	1.015e+01	3.000e+01	5.477e+00	2.300e+01	4.796e+00	1.630e+02	1.277e+01	2.800e+01	5.292e+00	5.200e+01	7.211e+00	3.000e+01	5.477e+00
36	1.500e+01	3.873e+00	1.330e+02	1.153e+01	3.320e+02	1.822e+01	4.900e+01	7.000e+00	3.100e+01	5.568e+00	2.400e+01	4.899e+00	2.200e+01	4.690e+00	2.500e+02	1.581e+01	3.500e+01	5.916e+00	9.500e+01	9.747e+00	1.310e+02	1.145e+01	1.040e+02	1.020e+01	2.800e+01	5.292e+00	7.100e+01	8.426e+00	7.000e+01	8.367e+00	1.600e+01	4.000e+00	9.000e+00	3.000e+00	1.050e+02	1.025e+01	5.100e+01	7.141e+00	1.250e+02	1.118e+01	3.100e+01	5.568e+00	3.700e+01	6.083e+00	5.500e+01	7.416e+00	4.800e+01	6.928e+00	1.390e+02	1.179e+01	3.000e+01	5.477e+00	1.600e+01	4.000e+00	1.690e+02	1.300e+01	3.200e+01	5.657e+00	6.100e+01	7.810e+00	4.000e+01	6.325e+00
37	1.000e+01	3.162e+00	1.280e+02	1.131e+01	3.080e+02	1.755e+01	5.000e+01	7.071e+00	3.900e+01	6.245e+00	2.800e+01	5.292e+00	2.100e+01	4.583e+00	2.340e+02	1.530e+01	4.700e+01	6.856e+00	9.500e+01	9.747e+00	1.310e+02	1.145e+01	1.060e+02	1.030e+01	4.100e+01	6.403e+00	6.000e+01	7.746e+00	7.500e+01	8.660e+00	2.300e+01	4.796e+00	1.100e+01	3.317e+00	9.200e+01	9.592e+00	5.400e+01	7.348e+00	1.430e+02	1.196e+01	1.600e+01	4.000e+00	1.800e+01	4.243e+00	3.800e+01	6.164e+00	3.800e+01	6.164e+00	1.200e+02	1.095e+01	3.300e+01	5.745e+00	1.600e+01	4.000e+00	1.640e+02	1.281e+01	3.500e+01	5.916e+00	5.100e+01	7.141e+00	3.500e+01	5.916e+00
38	2.300e+01	4.796e+00	1.460e+02	1.208e+01	3.120e+02	1.766e+01	5.100e+01	7.141e+00	3.100e+01	5.568e+00	2.900e+01	5.385e+00	1.900e+01	4.359e+00	2.160e+02	1.470e+01	2.600e+01	5.099e+00	1.050e+02	1.025e+01	1.350e+02	1.162e+01	1.040e+02	1.020e+01	3.600e+01	6.000e+00	4.700e+01	6.856e+00	6.000e+01	7.746e+00	2.300e+01	4.796e+00	1.000e+01	3.162e+00	1.250e+02	1.118e+01	4.400e+01	6.633e+00	1.660e+02	1.288e+01	2.600e+01	5.099e+00	3.900e+01	6.245e+00	4.500e+01	6.708e+00	3.400e+01	5.831e+00	8.800e+01	9.381e+00	3.200e+01	5.657e+00	1.300e+01	3.606e+00	1.890e+02	1.375e+01	3.200e+01	5.657e+00	5.200e+01	7.211e+00	3.800e+01	6.164e+00
39	2.100e+01	4.583e+00	1.410e+02	1.187e+01	2.970e+02	1.723e+01	4.500e+01	6.708e+00	3.700e+01	6.083e+00	1.600e+01	4.000e+00	1.200e+01	3.464e+00	2.530e+02	1.591e+01	1.600e+01	4.000e+00	9.200e+01	9.592e+00	1.190e+02	1.091e+01	9.100e+01	9.539e+00	3.000e+01	5.477e+00	4.700e+01	6.856e+00	7.300e+01	8.544e+00	1.700e+01	4.123e+00	1.600e+01	4.000e+00	1.210e+02	1.100e+01	4.900e+01	7.000e+00	1.570e+02	1.253e+01	3.000e+01	5.477e+00	2.400e+01	4.899e+00	4.600e+01	6.782e+00	4.100e+01	6.403e+00	9.600e+01	9.798e+00	3.800e+01	6.164e+00	8.000e+00	2.828e+00	1.590e+02	1.261e+01	2.000e+01	4.472e+00	6.700e+01	8.185e+00	4.600e+01	6.782e+00
40	1.000e+01	3.162e+00	1.620e+02	1.273e+01	2.870e+02	1.694e+01	4.200e+01	6.481e+00	3.500e+01	5.916e+00	2.500e+01	5.000e+00	1.400e+01	3.742e+00	2.620e+02	1.619e+01	3.400e+01	5.831e+00	1.360e+02	1.166e+01	1.410e+02	1.187e+01	1.220e+02	1.105e+01	3.000e+01	5.477e+00	4.600e+01	6.782e+00	7.500e+01	8.660e+00	1.700e+01	4.123e+00	1.200e+01	3.464e+00	1.260e+02	1.122e+01	5.100e+01	7.141e+00	1.570e+02	1.253e+01	2.200e+01	4.690e+00	3.100e+01	5.568e+00	6.800e+01	8.246e+00	4.100e+01	6.403e+00	1.040e+02	1.020e+01	3.700e+01	6.083e+00	1.000e+01	3.162e+00	1.750e+02	1.323e+01	2.700e+01	5.196e+00	4.000e+01	6.325e+00	3.800e+01	6.164e+00
41	1.200e+01	3.464e+00	1.310e+02	1.145e+01	2.990e+02	1.729e+01	4.500e+01	6.708e+00	3.300e+01	5.745e+00	2.900e+01	5.385e+00	1.400e+01	3.742e+00	2.160e+02	1.470e+01	5.000e+01	7.071e+00	8.700e+01	9.327e+00	1.470e+02	1.212e+01	9.600e+01	9.798e+00	3.500e+01	5.916e+00	5.700e+01	7.550e+00	8.500e+01	9.220e+00	1.900e+01	4.359e+00	6.000e+00	2.449e+00	1.210e+02	1.100e+01	4.100e+01	6.403e+00	1.360e+02	1.166e+01	2.900e+01	5.385e+00	3.100e+01	5.568e+00	5.300e+01	7.280e+00	3.800e+01	6.164e+00	1.280e+02	1.131e+01	3.100e+01	5.568e+00	6.000e+00	2.449e+00	1.570e+02	1.253e+01	2.100e+01	4.583e+00	4.300e+01	6.557e+00	3.100e+01	5.568e+00
42	9.000e+00	3.000e+00	1.550e+02	1.245e+01	2.900e+02	1.703e+01	4.000e+01	6.325e+00	2.500e+01	5.000e+00	1.700e+01	4.123e+00	7.000e+00	2.646e+00	2.180e+02	1.476e+01	4.600e+01	6.782e+00	1.040e+02	1.020e+01	1.250e+02	1.118e+01	1.010e+02	1.005e+01	2.200e+01	4.690e+00	5.300e+01	7.280e+00	6.100e+01	7.810e+00	2.100e+01	4.583e+00	9.000e+00	3.000e+00	1.070e+02	1.034e+01	6.000e+01	7.746e+00	1.390e+02	1.179e+01	1.700e+01	4.123e+00	3.300e+01	5.745e+00	6.100e+01	7.810e+00	4.100e+01	6.403e+00	1.090e+02	1.044e+01	4.100e+01	6.403e+00	6.000e+00	2.449e+00	1.570e+02	1.253e+01	2.600e+01	5.099e+00	4.900e+01	7.000e+00	3.600e+01	6.000e+00
43	1.300e+01	3.606e+00	1.590e+02	1.261e+01	2.920e+02	1.709e+01	4.600e+01	6.782e+00	2.000e+01	4.472e+00	2.600e+01	5.099e+00	1.100e+01	3.317e+00	2.530e+02	1.591e+01	2.400e+01	4.899e+00	1.160e+02	1.077e+01	1.320e+02	1.149e+01	9.700e+01	9.849e+00	3.300e+01	5.745e+00	4.300e+01	6.557e+00	7.700e+01	8.775e+00	8.000e+00	2.828e+00	7.000e+00	2.646e+00	1.110e+02	1.054e+01	3.900e+01	6.245e+00	1.350e+02	1.162e+01	2.600e+01	5.099e+00	2.900e+01	5.385e+00	5.000e+01	7.071e+00	3.600e+01	6.000e+00	1.240e+02	1.114e+01	2.300e+01	4.796e+00	6.000e+00	2.449e+00	1.510e+02	1.229e+01	1.600e+01	4.000e+00	5.000e+01	7.071e+00	5.300e+01	7.280e+00
44	6.000e+00	2.449e+00	1.210e+02	1.100e+01	2.840e+02	1.685e+01	3.200e+01	5.657e+00	2.300e+01	4.796e+00	2.200e+01	4.690e+00	7.000e+00	2.646e+00	2.390e+02	1.546e+01	2.900e+01	5.385e+00	9.600e+01	9.798e+00	1.580e+02	1.257e+01	9.700e+01	9.849e+00	1.900e+01	4.359e+00	5.300e+01	7.280e+00	7.900e+01	8.888e+00	1.200e+01	3.464e+00	4.000e+00	2.000e+00	1.200e+02	1.095e+01	5.100e+01	7.141e+00	1.160e+02	1.077e+01	2.900e+01	5.385e+00	2.500e+01	5.000e+00	5.000e+01	7.071e+00	4.800e+01	6.928e+00	9.100e+01	9.539e+00	3.700e+01	6.083e+00	5.000e+00	2.236e+00	1.700e+02	1.304e+01	2.200e+01	4.690e+00	4.500e+01	6.708e+00	3.800e+01	6.164e+00
45	6.000e+00	2.449e+00	1.500e+02	1.225e+01	2.640e+02	1.625e+01	2.200e+01	4.690e+00	3.700e+01	6.083e+00	3.200e+01	5.657e+00	7.000e+00	2.646e+00	2.250e+02	1.500e+01	3.100e+01	5.568e+00	9.900e+01	9.950e+00	1.620e+02	1.273e+01	8.400e+01	9.165e+00	2.900e+01	5.385e+00	6.400e+01	8.000e+00	8.000e+01	8.944e+00	2.000e+01	4.472e+00	2.000e+00	1.414e+00	9.100e+01	9.539e+00	5.400e+01	7.348e+00	1.080e+02	1.039e+01	2.400e+01	4.899e+00	3.600e+01	6.000e+00	5.100e+01	7.141e+00	5.000e+01	7.071e+00	9.400e+01	9.695e+00	2.700e+01	5.196e+00	7.000e+00	2.646e+00	1.430e+02	1.196e+01	2.000e+01	4.472e+00	4.800e+01	6.928e+00	4.100e+01	6.403e+00
