# /Users/nicolettemeyer/Documents/Dekas_Lab_Work/Hot2Cold/nanoSIMS_September_2021/20210910_std2_2/: 12C14N
# cell	MEAN1	Poiss_E1	MEAN2	Poiss_E2	MEAN3	Poiss_E3	MEAN4	Poiss_E4	MEAN5	Poiss_E5	MEAN6	Poiss_E6	MEAN7	Poiss_E7	MEAN8	Poiss_E8	MEAN9	Poiss_E9	MEAN10	Poiss_E10	MEAN11	Poiss_E11	MEAN12	Poiss_E12	MEAN13	Poiss_E13	MEAN14	Poiss_E14	MEAN15	Poiss_E15	MEAN16	Poiss_E16	MEAN17	Poiss_E17	MEAN18	Poiss_E18	MEAN19	Poiss_E19
# plane	POL=3		POL=3		POL=3		POL=4		POL=4		POL=4		POL=3		POL=4		POL=3		POL=4		POL=4		POL=4		POL=3		POL=4		POL=3		POL=3		POL=3		POL=4		POL=3	
1	4.974e+04	2.230e+02	3.232e+04	1.798e+02	7.309e+04	2.704e+02	2.646e+04	1.627e+02	5.865e+04	2.422e+02	4.426e+04	2.104e+02	5.970e+04	2.443e+02	2.568e+04	1.603e+02	5.245e+04	2.290e+02	6.164e+04	2.483e+02	5.303e+04	2.303e+02	5.107e+04	2.260e+02	3.604e+04	1.898e+02	4.341e+04	2.084e+02	3.736e+04	1.933e+02	4.001e+04	2.000e+02	3.195e+04	1.787e+02	3.796e+04	1.948e+02	8.280e+04	2.877e+02
2	5.486e+04	2.342e+02	3.614e+04	1.901e+02	8.367e+04	2.893e+02	3.107e+04	1.763e+02	6.781e+04	2.604e+02	5.121e+04	2.263e+02	6.646e+04	2.578e+02	2.938e+04	1.714e+02	6.018e+04	2.453e+02	7.024e+04	2.650e+02	6.078e+04	2.465e+02	5.911e+04	2.431e+02	4.311e+04	2.076e+02	5.129e+04	2.265e+02	4.258e+04	2.064e+02	4.466e+04	2.113e+02	3.658e+04	1.913e+02	4.323e+04	2.079e+02	9.267e+04	3.044e+02
3	6.012e+04	2.452e+02	3.855e+04	1.963e+02	8.836e+04	2.973e+02	3.302e+04	1.817e+02	7.194e+04	2.682e+02	5.535e+04	2.353e+02	7.078e+04	2.660e+02	3.168e+04	1.780e+02	6.586e+04	2.566e+02	7.539e+04	2.746e+02	6.679e+04	2.584e+02	6.318e+04	2.514e+02	4.762e+04	2.182e+02	5.553e+04	2.357e+02	4.463e+04	2.113e+02	4.639e+04	2.154e+02	3.939e+04	1.985e+02	4.636e+04	2.153e+02	9.663e+04	3.109e+02
4	6.215e+04	2.493e+02	4.067e+04	2.017e+02	8.994e+04	2.999e+02	3.337e+04	1.827e+02	7.150e+04	2.674e+02	5.608e+04	2.368e+02	7.136e+04	2.671e+02	3.193e+04	1.787e+02	6.765e+04	2.601e+02	7.680e+04	2.771e+02	6.723e+04	2.593e+02	6.345e+04	2.519e+02	4.942e+04	2.223e+02	5.767e+04	2.402e+02	4.467e+04	2.113e+02	4.574e+04	2.139e+02	4.055e+04	2.014e+02	4.701e+04	2.168e+02	9.614e+04	3.101e+02
5	6.186e+04	2.487e+02	4.007e+04	2.002e+02	8.824e+04	2.970e+02	3.273e+04	1.809e+02	7.056e+04	2.656e+02	5.502e+04	2.346e+02	6.904e+04	2.628e+02	3.126e+04	1.768e+02	6.730e+04	2.594e+02	7.559e+04	2.749e+02	6.571e+04	2.563e+02	6.186e+04	2.487e+02	5.048e+04	2.247e+02	5.771e+04	2.402e+02	4.432e+04	2.105e+02	4.514e+04	2.125e+02	4.089e+04	2.022e+02	4.581e+04	2.140e+02	9.453e+04	3.075e+02
6	6.144e+04	2.479e+02	3.959e+04	1.990e+02	8.836e+04	2.972e+02	3.346e+04	1.829e+02	7.067e+04	2.658e+02	5.349e+04	2.313e+02	6.888e+04	2.624e+02	3.145e+04	1.773e+02	6.561e+04	2.561e+02	7.427e+04	2.725e+02	6.643e+04	2.577e+02	6.080e+04	2.466e+02	4.985e+04	2.233e+02	5.753e+04	2.398e+02	4.312e+04	2.077e+02	4.484e+04	2.118e+02	3.910e+04	1.977e+02	4.533e+04	2.129e+02	9.137e+04	3.023e+02
7	5.986e+04	2.447e+02	3.812e+04	1.953e+02	8.602e+04	2.933e+02	3.098e+04	1.760e+02	6.722e+04	2.593e+02	5.177e+04	2.275e+02	6.678e+04	2.584e+02	3.086e+04	1.757e+02	6.487e+04	2.547e+02	7.216e+04	2.686e+02	6.456e+04	2.541e+02	5.841e+04	2.417e+02	4.950e+04	2.225e+02	5.664e+04	2.380e+02	4.194e+04	2.048e+02	4.334e+04	2.082e+02	3.930e+04	1.982e+02	4.379e+04	2.093e+02	8.812e+04	2.969e+02
8	5.794e+04	2.407e+02	3.711e+04	1.926e+02	8.355e+04	2.890e+02	3.066e+04	1.751e+02	6.596e+04	2.568e+02	5.011e+04	2.239e+02	6.417e+04	2.533e+02	2.974e+04	1.725e+02	6.314e+04	2.513e+02	6.925e+04	2.632e+02	6.358e+04	2.522e+02	5.786e+04	2.405e+02	4.788e+04	2.188e+02	5.506e+04	2.346e+02	4.166e+04	2.041e+02	4.329e+04	2.081e+02	3.792e+04	1.947e+02	4.235e+04	2.058e+02	8.587e+04	2.930e+02
9	5.655e+04	2.378e+02	3.620e+04	1.903e+02	8.224e+04	2.868e+02	3.056e+04	1.748e+02	6.414e+04	2.533e+02	4.957e+04	2.226e+02	6.351e+04	2.520e+02	2.945e+04	1.716e+02	6.196e+04	2.489e+02	6.877e+04	2.622e+02	6.303e+04	2.511e+02	5.713e+04	2.390e+02	4.684e+04	2.164e+02	5.306e+04	2.303e+02	4.071e+04	2.018e+02	4.294e+04	2.072e+02	3.790e+04	1.947e+02	4.198e+04	2.049e+02	8.467e+04	2.910e+02
10	5.613e+04	2.369e+02	3.593e+04	1.895e+02	8.070e+04	2.841e+02	2.992e+04	1.730e+02	6.360e+04	2.522e+02	4.842e+04	2.201e+02	6.273e+04	2.505e+02	2.971e+04	1.724e+02	6.134e+04	2.477e+02	6.764e+04	2.601e+02	6.310e+04	2.512e+02	5.620e+04	2.371e+02	4.803e+04	2.192e+02	5.304e+04	2.303e+02	4.038e+04	2.009e+02	4.231e+04	2.057e+02	3.741e+04	1.934e+02	4.163e+04	2.040e+02	8.326e+04	2.885e+02
11	5.518e+04	2.349e+02	3.498e+04	1.870e+02	8.012e+04	2.830e+02	2.986e+04	1.728e+02	6.253e+04	2.501e+02	4.768e+04	2.184e+02	6.227e+04	2.495e+02	2.952e+04	1.718e+02	6.003e+04	2.450e+02	6.768e+04	2.602e+02	6.218e+04	2.494e+02	5.663e+04	2.380e+02	4.761e+04	2.182e+02	5.234e+04	2.288e+02	3.974e+04	1.993e+02	4.181e+04	2.045e+02	3.789e+04	1.947e+02	4.111e+04	2.028e+02	8.278e+04	2.877e+02
12	5.481e+04	2.341e+02	3.511e+04	1.874e+02	8.054e+04	2.838e+02	3.105e+04	1.762e+02	6.305e+04	2.511e+02	4.755e+04	2.181e+02	6.202e+04	2.490e+02	3.016e+04	1.737e+02	6.020e+04	2.454e+02	6.729e+04	2.594e+02	6.220e+04	2.494e+02	5.535e+04	2.353e+02	4.842e+04	2.200e+02	5.174e+04	2.275e+02	3.984e+04	1.996e+02	4.176e+04	2.044e+02	3.769e+04	1.941e+02	4.164e+04	2.041e+02	8.253e+04	2.873e+02
13	5.404e+04	2.325e+02	3.434e+04	1.853e+02	7.241e+04	2.691e+02	2.690e+04	1.640e+02	5.629e+04	2.372e+02	4.289e+04	2.071e+02	5.726e+04	2.393e+02	2.738e+04	1.655e+02	5.346e+04	2.312e+02	5.913e+04	2.432e+02	5.680e+04	2.383e+02	4.991e+04	2.234e+02	4.290e+04	2.071e+02	4.689e+04	2.165e+02	3.520e+04	1.876e+02	3.829e+04	1.957e+02	3.342e+04	1.828e+02	3.704e+04	1.925e+02	7.252e+04	2.693e+02
14	4.827e+04	2.197e+02	3.106e+04	1.762e+02	6.529e+04	2.555e+02	2.435e+04	1.561e+02	5.125e+04	2.264e+02	3.871e+04	1.967e+02	5.027e+04	2.242e+02	2.471e+04	1.572e+02	4.826e+04	2.197e+02	5.362e+04	2.316e+02	5.071e+04	2.252e+02	4.462e+04	2.112e+02	3.942e+04	1.985e+02	4.144e+04	2.036e+02	3.220e+04	1.794e+02	3.497e+04	1.870e+02	3.028e+04	1.740e+02	3.357e+04	1.832e+02	6.596e+04	2.568e+02
15	4.464e+04	2.113e+02	2.838e+04	1.685e+02	6.283e+04	2.507e+02	2.346e+04	1.532e+02	4.900e+04	2.214e+02	3.657e+04	1.912e+02	4.828e+04	2.197e+02	2.410e+04	1.552e+02	4.640e+04	2.154e+02	5.207e+04	2.282e+02	4.864e+04	2.205e+02	4.281e+04	2.069e+02	3.880e+04	1.970e+02	3.934e+04	1.983e+02	3.156e+04	1.776e+02	3.349e+04	1.830e+02	2.913e+04	1.707e+02	3.261e+04	1.806e+02	6.499e+04	2.549e+02
16	4.406e+04	2.099e+02	2.801e+04	1.674e+02	6.192e+04	2.488e+02	2.323e+04	1.524e+02	4.776e+04	2.185e+02	3.643e+04	1.909e+02	4.780e+04	2.186e+02	2.349e+04	1.533e+02	4.630e+04	2.152e+02	5.190e+04	2.278e+02	4.857e+04	2.204e+02	4.284e+04	2.070e+02	3.805e+04	1.951e+02	3.928e+04	1.982e+02	3.148e+04	1.774e+02	3.351e+04	1.830e+02	2.925e+04	1.710e+02	3.220e+04	1.794e+02	6.375e+04	2.525e+02
17	4.288e+04	2.071e+02	2.770e+04	1.664e+02	6.009e+04	2.451e+02	2.290e+04	1.513e+02	4.701e+04	2.168e+02	3.603e+04	1.898e+02	4.665e+04	2.160e+02	2.332e+04	1.527e+02	4.496e+04	2.120e+02	5.126e+04	2.264e+02	4.741e+04	2.177e+02	4.203e+04	2.050e+02	3.819e+04	1.954e+02	3.915e+04	1.979e+02	3.100e+04	1.761e+02	3.267e+04	1.808e+02	2.906e+04	1.705e+02	3.218e+04	1.794e+02	6.384e+04	2.527e+02
18	4.246e+04	2.061e+02	2.689e+04	1.640e+02	5.949e+04	2.439e+02	2.298e+04	1.516e+02	4.683e+04	2.164e+02	3.564e+04	1.888e+02	4.664e+04	2.160e+02	2.285e+04	1.512e+02	4.548e+04	2.133e+02	5.114e+04	2.262e+02	4.702e+04	2.168e+02	4.245e+04	2.060e+02	3.740e+04	1.934e+02	3.797e+04	1.949e+02	3.093e+04	1.759e+02	3.253e+04	1.804e+02	2.869e+04	1.694e+02	3.115e+04	1.765e+02	6.331e+04	2.516e+02
19	4.237e+04	2.058e+02	2.678e+04	1.636e+02	5.801e+04	2.408e+02	2.254e+04	1.501e+02	4.580e+04	2.140e+02	3.547e+04	1.883e+02	4.631e+04	2.152e+02	2.274e+04	1.508e+02	4.523e+04	2.127e+02	5.052e+04	2.248e+02	4.672e+04	2.161e+02	4.186e+04	2.046e+02	3.637e+04	1.907e+02	3.762e+04	1.940e+02	3.005e+04	1.733e+02	3.183e+04	1.784e+02	2.895e+04	1.701e+02	3.094e+04	1.759e+02	6.331e+04	2.516e+02
20	4.223e+04	2.055e+02	2.680e+04	1.637e+02	5.947e+04	2.439e+02	2.297e+04	1.516e+02	4.598e+04	2.144e+02	3.531e+04	1.879e+02	4.567e+04	2.137e+02	2.301e+04	1.517e+02	4.531e+04	2.129e+02	5.036e+04	2.244e+02	4.654e+04	2.157e+02	4.147e+04	2.036e+02	3.772e+04	1.942e+02	3.801e+04	1.950e+02	3.045e+04	1.745e+02	3.220e+04	1.794e+02	2.852e+04	1.689e+02	3.112e+04	1.764e+02	6.287e+04	2.507e+02
21	4.173e+04	2.043e+02	2.614e+04	1.617e+02	5.842e+04	2.417e+02	2.248e+04	1.499e+02	4.457e+04	2.111e+02	3.502e+04	1.871e+02	4.542e+04	2.131e+02	2.304e+04	1.518e+02	4.487e+04	2.118e+02	5.030e+04	2.243e+02	4.619e+04	2.149e+02	4.148e+04	2.037e+02	3.736e+04	1.933e+02	3.756e+04	1.938e+02	3.008e+04	1.734e+02	3.197e+04	1.788e+02	2.914e+04	1.707e+02	3.084e+04	1.756e+02	6.345e+04	2.519e+02
22	4.202e+04	2.050e+02	2.671e+04	1.634e+02	5.840e+04	2.417e+02	2.263e+04	1.504e+02	4.564e+04	2.136e+02	3.471e+04	1.863e+02	4.532e+04	2.129e+02	2.325e+04	1.525e+02	4.455e+04	2.111e+02	4.949e+04	2.225e+02	4.628e+04	2.151e+02	4.116e+04	2.029e+02	3.777e+04	1.944e+02	3.735e+04	1.933e+02	3.036e+04	1.742e+02	3.172e+04	1.781e+02	2.926e+04	1.711e+02	3.084e+04	1.756e+02	6.302e+04	2.510e+02
23	4.161e+04	2.040e+02	2.649e+04	1.627e+02	5.808e+04	2.410e+02	2.278e+04	1.509e+02	4.465e+04	2.113e+02	3.506e+04	1.872e+02	4.465e+04	2.113e+02	2.325e+04	1.525e+02	4.440e+04	2.107e+02	4.971e+04	2.230e+02	4.599e+04	2.144e+02	4.108e+04	2.027e+02	3.740e+04	1.934e+02	3.783e+04	1.945e+02	3.037e+04	1.743e+02	3.187e+04	1.785e+02	2.941e+04	1.715e+02	3.086e+04	1.757e+02	6.285e+04	2.507e+02
24	4.132e+04	2.033e+02	2.653e+04	1.629e+02	5.822e+04	2.413e+02	2.325e+04	1.525e+02	4.455e+04	2.111e+02	3.492e+04	1.869e+02	4.445e+04	2.108e+02	2.261e+04	1.504e+02	4.377e+04	2.092e+02	4.952e+04	2.225e+02	4.518e+04	2.126e+02	4.083e+04	2.021e+02	3.818e+04	1.954e+02	3.701e+04	1.924e+02	3.000e+04	1.732e+02	3.168e+04	1.780e+02	2.978e+04	1.726e+02	3.076e+04	1.754e+02	6.311e+04	2.512e+02
25	4.148e+04	2.037e+02	2.675e+04	1.636e+02	5.775e+04	2.403e+02	2.261e+04	1.504e+02	4.522e+04	2.126e+02	3.498e+04	1.870e+02	4.434e+04	2.106e+02	2.300e+04	1.516e+02	4.514e+04	2.125e+02	4.991e+04	2.234e+02	4.570e+04	2.138e+02	4.152e+04	2.038e+02	3.812e+04	1.952e+02	3.715e+04	1.928e+02	3.046e+04	1.745e+02	3.204e+04	1.790e+02	2.953e+04	1.718e+02	3.039e+04	1.743e+02	6.335e+04	2.517e+02
