# /Users/nicolettemeyer/Documents/Dekas_Lab_Work/Hot2Cold/nanoSIMS_September_2021/20210910_std2_2/: 12C2
# cell	MEAN1	Poiss_E1	MEAN2	Poiss_E2	MEAN3	Poiss_E3	MEAN4	Poiss_E4	MEAN5	Poiss_E5	MEAN6	Poiss_E6	MEAN7	Poiss_E7	MEAN8	Poiss_E8	MEAN9	Poiss_E9	MEAN10	Poiss_E10	MEAN11	Poiss_E11	MEAN12	Poiss_E12	MEAN13	Poiss_E13	MEAN14	Poiss_E14	MEAN15	Poiss_E15	MEAN16	Poiss_E16	MEAN17	Poiss_E17	MEAN18	Poiss_E18	MEAN19	Poiss_E19
# plane	POL=4		POL=3		POL=3		POL=3		POL=3		POL=3		POL=3		POL=5		POL=3		POL=3		POL=3		POL=3		POL=3		POL=3		POL=3		POL=3		POL=5		POL=3		POL=3	
1	5.762e+03	7.591e+01	3.464e+03	5.886e+01	7.408e+03	8.607e+01	3.496e+03	5.913e+01	5.865e+03	7.658e+01	4.789e+03	6.920e+01	6.684e+03	8.176e+01	2.934e+03	5.417e+01	5.539e+03	7.442e+01	6.769e+03	8.227e+01	5.401e+03	7.349e+01	5.788e+03	7.608e+01	4.190e+03	6.473e+01	4.460e+03	6.678e+01	4.205e+03	6.485e+01	4.754e+03	6.895e+01	3.790e+03	6.156e+01	4.878e+03	6.984e+01	9.723e+03	9.861e+01
2	6.860e+03	8.283e+01	3.951e+03	6.286e+01	9.024e+03	9.499e+01	4.359e+03	6.602e+01	7.061e+03	8.403e+01	5.906e+03	7.685e+01	8.051e+03	8.973e+01	3.328e+03	5.769e+01	6.607e+03	8.128e+01	8.088e+03	8.993e+01	6.396e+03	7.997e+01	7.084e+03	8.417e+01	4.950e+03	7.036e+01	5.309e+03	7.286e+01	5.251e+03	7.246e+01	5.445e+03	7.379e+01	4.445e+03	6.667e+01	6.128e+03	7.828e+01	1.162e+04	1.078e+02
3	8.066e+03	8.981e+01	4.744e+03	6.888e+01	1.051e+04	1.025e+02	5.057e+03	7.111e+01	8.295e+03	9.108e+01	7.095e+03	8.423e+01	9.390e+03	9.690e+01	3.886e+03	6.234e+01	7.578e+03	8.705e+01	9.296e+03	9.642e+01	7.545e+03	8.686e+01	8.415e+03	9.173e+01	5.801e+03	7.616e+01	6.190e+03	7.868e+01	5.892e+03	7.676e+01	6.222e+03	7.888e+01	5.223e+03	7.227e+01	7.201e+03	8.486e+01	1.339e+04	1.157e+02
4	9.293e+03	9.640e+01	5.584e+03	7.473e+01	1.181e+04	1.087e+02	5.686e+03	7.541e+01	9.268e+03	9.627e+01	7.908e+03	8.893e+01	1.036e+04	1.018e+02	4.346e+03	6.592e+01	8.855e+03	9.410e+01	1.036e+04	1.018e+02	8.510e+03	9.225e+01	9.567e+03	9.781e+01	6.603e+03	8.126e+01	7.093e+03	8.422e+01	6.414e+03	8.009e+01	6.670e+03	8.167e+01	5.718e+03	7.562e+01	7.994e+03	8.941e+01	1.522e+04	1.234e+02
5	1.054e+04	1.026e+02	6.056e+03	7.782e+01	1.305e+04	1.142e+02	6.268e+03	7.917e+01	1.017e+04	1.008e+02	8.699e+03	9.327e+01	1.128e+04	1.062e+02	4.823e+03	6.945e+01	9.444e+03	9.718e+01	1.122e+04	1.059e+02	9.169e+03	9.575e+01	1.022e+04	1.011e+02	7.180e+03	8.473e+01	7.873e+03	8.873e+01	7.138e+03	8.449e+01	7.318e+03	8.555e+01	6.277e+03	7.923e+01	8.792e+03	9.377e+01	1.657e+04	1.287e+02
6	1.122e+04	1.059e+02	6.489e+03	8.055e+01	1.415e+04	1.189e+02	7.173e+03	8.469e+01	1.118e+04	1.057e+02	9.336e+03	9.662e+01	1.229e+04	1.109e+02	5.254e+03	7.248e+01	1.035e+04	1.017e+02	1.259e+04	1.122e+02	1.021e+04	1.011e+02	1.114e+04	1.055e+02	7.646e+03	8.744e+01	8.575e+03	9.260e+01	7.554e+03	8.691e+01	7.991e+03	8.939e+01	6.624e+03	8.139e+01	9.509e+03	9.751e+01	1.799e+04	1.341e+02
7	1.216e+04	1.103e+02	6.989e+03	8.360e+01	1.513e+04	1.230e+02	7.408e+03	8.607e+01	1.205e+04	1.098e+02	9.943e+03	9.971e+01	1.318e+04	1.148e+02	5.581e+03	7.471e+01	1.083e+04	1.041e+02	1.345e+04	1.160e+02	1.091e+04	1.045e+02	1.180e+04	1.086e+02	8.203e+03	9.057e+01	9.028e+03	9.502e+01	8.259e+03	9.088e+01	8.319e+03	9.121e+01	7.257e+03	8.519e+01	1.010e+04	1.005e+02	1.917e+04	1.385e+02
8	1.301e+04	1.141e+02	7.392e+03	8.598e+01	1.611e+04	1.269e+02	7.896e+03	8.886e+01	1.290e+04	1.136e+02	1.049e+04	1.024e+02	1.398e+04	1.182e+02	5.873e+03	7.664e+01	1.192e+04	1.092e+02	1.407e+04	1.186e+02	1.161e+04	1.077e+02	1.276e+04	1.130e+02	8.545e+03	9.244e+01	9.574e+03	9.785e+01	8.730e+03	9.343e+01	9.051e+03	9.514e+01	7.760e+03	8.809e+01	1.072e+04	1.035e+02	1.980e+04	1.407e+02
9	1.388e+04	1.178e+02	7.790e+03	8.826e+01	1.722e+04	1.312e+02	8.406e+03	9.168e+01	1.365e+04	1.168e+02	1.109e+04	1.053e+02	1.471e+04	1.213e+02	6.458e+03	8.036e+01	1.233e+04	1.111e+02	1.520e+04	1.233e+02	1.232e+04	1.110e+02	1.335e+04	1.155e+02	9.271e+03	9.629e+01	1.023e+04	1.012e+02	9.418e+03	9.705e+01	9.751e+03	9.875e+01	8.114e+03	9.008e+01	1.157e+04	1.076e+02	2.119e+04	1.456e+02
10	1.484e+04	1.218e+02	8.572e+03	9.259e+01	1.826e+04	1.351e+02	8.870e+03	9.418e+01	1.425e+04	1.194e+02	1.173e+04	1.083e+02	1.578e+04	1.256e+02	7.040e+03	8.390e+01	1.300e+04	1.140e+02	1.641e+04	1.281e+02	1.314e+04	1.146e+02	1.432e+04	1.197e+02	1.019e+04	1.010e+02	1.088e+04	1.043e+02	1.002e+04	1.001e+02	1.035e+04	1.017e+02	8.815e+03	9.389e+01	1.240e+04	1.113e+02	2.282e+04	1.510e+02
11	1.613e+04	1.270e+02	8.897e+03	9.432e+01	1.948e+04	1.396e+02	9.576e+03	9.786e+01	1.515e+04	1.231e+02	1.242e+04	1.114e+02	1.661e+04	1.289e+02	7.613e+03	8.725e+01	1.395e+04	1.181e+02	1.752e+04	1.324e+02	1.407e+04	1.186e+02	1.524e+04	1.234e+02	1.060e+04	1.030e+02	1.156e+04	1.075e+02	1.074e+04	1.037e+02	1.078e+04	1.038e+02	9.300e+03	9.644e+01	1.354e+04	1.163e+02	2.407e+04	1.551e+02
12	1.704e+04	1.305e+02	9.559e+03	9.777e+01	2.064e+04	1.437e+02	1.037e+04	1.018e+02	1.613e+04	1.270e+02	1.307e+04	1.143e+02	1.792e+04	1.339e+02	8.240e+03	9.077e+01	1.495e+04	1.223e+02	1.866e+04	1.366e+02	1.482e+04	1.217e+02	1.598e+04	1.264e+02	1.134e+04	1.065e+02	1.216e+04	1.103e+02	1.146e+04	1.070e+02	1.177e+04	1.085e+02	1.028e+04	1.014e+02	1.408e+04	1.186e+02	2.604e+04	1.614e+02
13	1.759e+04	1.326e+02	9.903e+03	9.951e+01	1.954e+04	1.398e+02	9.594e+03	9.795e+01	1.544e+04	1.243e+02	1.230e+04	1.109e+02	1.669e+04	1.292e+02	7.969e+03	8.927e+01	1.389e+04	1.178e+02	1.717e+04	1.310e+02	1.414e+04	1.189e+02	1.490e+04	1.221e+02	1.095e+04	1.046e+02	1.146e+04	1.070e+02	1.083e+04	1.040e+02	1.115e+04	1.056e+02	9.427e+03	9.709e+01	1.304e+04	1.142e+02	2.393e+04	1.547e+02
14	1.689e+04	1.300e+02	9.334e+03	9.661e+01	1.843e+04	1.358e+02	9.019e+03	9.497e+01	1.441e+04	1.200e+02	1.172e+04	1.083e+02	1.586e+04	1.259e+02	7.520e+03	8.672e+01	1.311e+04	1.145e+02	1.648e+04	1.284e+02	1.299e+04	1.140e+02	1.427e+04	1.194e+02	1.040e+04	1.020e+02	1.086e+04	1.042e+02	1.026e+04	1.013e+02	1.050e+04	1.025e+02	9.061e+03	9.519e+01	1.237e+04	1.112e+02	2.254e+04	1.501e+02
15	1.637e+04	1.279e+02	8.959e+03	9.465e+01	1.842e+04	1.357e+02	9.004e+03	9.489e+01	1.449e+04	1.204e+02	1.175e+04	1.084e+02	1.578e+04	1.256e+02	7.358e+03	8.578e+01	1.312e+04	1.146e+02	1.664e+04	1.290e+02	1.326e+04	1.151e+02	1.436e+04	1.198e+02	1.055e+04	1.027e+02	1.093e+04	1.045e+02	1.022e+04	1.011e+02	1.062e+04	1.030e+02	9.288e+03	9.637e+01	1.273e+04	1.128e+02	2.317e+04	1.522e+02
16	1.691e+04	1.300e+02	9.526e+03	9.760e+01	1.891e+04	1.375e+02	9.203e+03	9.593e+01	1.488e+04	1.220e+02	1.217e+04	1.103e+02	1.636e+04	1.279e+02	7.812e+03	8.839e+01	1.371e+04	1.171e+02	1.740e+04	1.319e+02	1.364e+04	1.168e+02	1.476e+04	1.215e+02	1.081e+04	1.040e+02	1.101e+04	1.049e+02	1.069e+04	1.034e+02	1.123e+04	1.060e+02	9.762e+03	9.880e+01	1.305e+04	1.142e+02	2.387e+04	1.545e+02
17	1.713e+04	1.309e+02	9.864e+03	9.932e+01	1.940e+04	1.393e+02	9.638e+03	9.817e+01	1.488e+04	1.220e+02	1.258e+04	1.121e+02	1.690e+04	1.300e+02	8.116e+03	9.009e+01	1.416e+04	1.190e+02	1.801e+04	1.342e+02	1.427e+04	1.195e+02	1.531e+04	1.237e+02	1.136e+04	1.066e+02	1.159e+04	1.076e+02	1.122e+04	1.059e+02	1.129e+04	1.062e+02	1.005e+04	1.003e+02	1.351e+04	1.162e+02	2.468e+04	1.571e+02
18	1.758e+04	1.326e+02	9.725e+03	9.862e+01	1.998e+04	1.414e+02	9.837e+03	9.918e+01	1.604e+04	1.267e+02	1.296e+04	1.138e+02	1.723e+04	1.313e+02	8.124e+03	9.013e+01	1.458e+04	1.208e+02	1.810e+04	1.346e+02	1.455e+04	1.206e+02	1.575e+04	1.255e+02	1.163e+04	1.078e+02	1.168e+04	1.081e+02	1.148e+04	1.071e+02	1.189e+04	1.090e+02	1.038e+04	1.019e+02	1.358e+04	1.165e+02	2.538e+04	1.593e+02
19	1.781e+04	1.335e+02	1.040e+04	1.020e+02	2.038e+04	1.428e+02	1.015e+04	1.008e+02	1.598e+04	1.264e+02	1.312e+04	1.146e+02	1.760e+04	1.327e+02	8.487e+03	9.212e+01	1.475e+04	1.214e+02	1.864e+04	1.365e+02	1.494e+04	1.222e+02	1.609e+04	1.268e+02	1.170e+04	1.082e+02	1.186e+04	1.089e+02	1.165e+04	1.079e+02	1.185e+04	1.089e+02	1.064e+04	1.032e+02	1.411e+04	1.188e+02	2.624e+04	1.620e+02
20	1.836e+04	1.355e+02	1.095e+04	1.046e+02	2.132e+04	1.460e+02	1.047e+04	1.023e+02	1.654e+04	1.286e+02	1.357e+04	1.165e+02	1.794e+04	1.339e+02	8.996e+03	9.485e+01	1.546e+04	1.243e+02	1.941e+04	1.393e+02	1.542e+04	1.242e+02	1.684e+04	1.298e+02	1.254e+04	1.120e+02	1.238e+04	1.113e+02	1.233e+04	1.110e+02	1.224e+04	1.106e+02	1.089e+04	1.044e+02	1.464e+04	1.210e+02	2.703e+04	1.644e+02
21	1.905e+04	1.380e+02	1.096e+04	1.047e+02	2.172e+04	1.474e+02	1.067e+04	1.033e+02	1.699e+04	1.304e+02	1.407e+04	1.186e+02	1.861e+04	1.364e+02	9.451e+03	9.722e+01	1.606e+04	1.267e+02	2.022e+04	1.422e+02	1.580e+04	1.257e+02	1.717e+04	1.310e+02	1.310e+04	1.144e+02	1.277e+04	1.130e+02	1.229e+04	1.109e+02	1.288e+04	1.135e+02	1.142e+04	1.069e+02	1.502e+04	1.225e+02	2.827e+04	1.681e+02
22	1.956e+04	1.399e+02	1.134e+04	1.065e+02	2.213e+04	1.488e+02	1.096e+04	1.047e+02	1.774e+04	1.332e+02	1.423e+04	1.193e+02	1.916e+04	1.384e+02	9.568e+03	9.782e+01	1.648e+04	1.284e+02	2.044e+04	1.430e+02	1.627e+04	1.276e+02	1.758e+04	1.326e+02	1.336e+04	1.156e+02	1.314e+04	1.146e+02	1.279e+04	1.131e+02	1.312e+04	1.145e+02	1.194e+04	1.093e+02	1.530e+04	1.237e+02	2.888e+04	1.699e+02
23	2.006e+04	1.416e+02	1.154e+04	1.074e+02	2.330e+04	1.526e+02	1.142e+04	1.069e+02	1.807e+04	1.344e+02	1.484e+04	1.218e+02	1.955e+04	1.398e+02	1.008e+04	1.004e+02	1.692e+04	1.301e+02	2.114e+04	1.454e+02	1.694e+04	1.302e+02	1.852e+04	1.361e+02	1.400e+04	1.183e+02	1.344e+04	1.159e+02	1.321e+04	1.149e+02	1.347e+04	1.161e+02	1.226e+04	1.107e+02	1.593e+04	1.262e+02	3.002e+04	1.733e+02
24	2.066e+04	1.437e+02	1.203e+04	1.097e+02	2.367e+04	1.539e+02	1.173e+04	1.083e+02	1.873e+04	1.369e+02	1.542e+04	1.242e+02	2.008e+04	1.417e+02	1.028e+04	1.014e+02	1.757e+04	1.325e+02	2.186e+04	1.478e+02	1.733e+04	1.316e+02	1.882e+04	1.372e+02	1.438e+04	1.199e+02	1.367e+04	1.169e+02	1.374e+04	1.172e+02	1.404e+04	1.185e+02	1.287e+04	1.134e+02	1.648e+04	1.284e+02	3.072e+04	1.753e+02
25	2.103e+04	1.450e+02	1.236e+04	1.112e+02	2.450e+04	1.565e+02	1.196e+04	1.093e+02	1.942e+04	1.393e+02	1.588e+04	1.260e+02	2.091e+04	1.446e+02	1.053e+04	1.026e+02	1.788e+04	1.337e+02	2.224e+04	1.491e+02	1.783e+04	1.335e+02	1.932e+04	1.390e+02	1.498e+04	1.224e+02	1.403e+04	1.184e+02	1.395e+04	1.181e+02	1.457e+04	1.207e+02	1.333e+04	1.154e+02	1.664e+04	1.290e+02	3.245e+04	1.801e+02
