# /Users/nicolettemeyer/Documents/Dekas_Lab_Work/Hot2Cold/nanoSIMS_September_2021/20210910_std2_2/: Esi
# cell	MEAN1	Poiss_E1	MEAN2	Poiss_E2	MEAN3	Poiss_E3	MEAN4	Poiss_E4	MEAN5	Poiss_E5	MEAN6	Poiss_E6	MEAN7	Poiss_E7	MEAN8	Poiss_E8	MEAN9	Poiss_E9	MEAN10	Poiss_E10	MEAN11	Poiss_E11	MEAN12	Poiss_E12	MEAN13	Poiss_E13	MEAN14	Poiss_E14	MEAN15	Poiss_E15	MEAN16	Poiss_E16	MEAN17	Poiss_E17	MEAN18	Poiss_E18	MEAN19	Poiss_E19
# plane	POL=3		POL=3		POL=3		POL=3		POL=3		POL=3		POL=3		POL=3		POL=3		POL=3		POL=3		POL=3		POL=3		POL=3		POL=3		POL=3		POL=3		POL=3		POL=3	
1	2.517e+04	1.586e+02	1.270e+04	1.127e+02	3.220e+04	1.794e+02	1.062e+04	1.030e+02	3.236e+04	1.799e+02	1.446e+04	1.203e+02	2.213e+04	1.488e+02	1.282e+04	1.132e+02	2.532e+04	1.591e+02	3.539e+04	1.881e+02	2.951e+04	1.718e+02	1.598e+04	1.264e+02	2.293e+04	1.514e+02	2.268e+04	1.506e+02	2.176e+04	1.475e+02	2.225e+04	1.492e+02	1.596e+04	1.263e+02	1.999e+04	1.414e+02	4.481e+04	2.117e+02
2	3.004e+04	1.733e+02	1.430e+04	1.196e+02	3.587e+04	1.894e+02	1.177e+04	1.085e+02	3.640e+04	1.908e+02	1.558e+04	1.248e+02	2.431e+04	1.559e+02	1.420e+04	1.192e+02	2.699e+04	1.643e+02	3.926e+04	1.981e+02	3.262e+04	1.806e+02	1.708e+04	1.307e+02	2.436e+04	1.561e+02	2.477e+04	1.574e+02	2.397e+04	1.548e+02	2.445e+04	1.564e+02	1.712e+04	1.309e+02	2.224e+04	1.491e+02	4.743e+04	2.178e+02
3	3.320e+04	1.822e+02	1.543e+04	1.242e+02	3.806e+04	1.951e+02	1.265e+04	1.125e+02	3.885e+04	1.971e+02	1.691e+04	1.301e+02	2.614e+04	1.617e+02	1.541e+04	1.241e+02	2.892e+04	1.700e+02	4.195e+04	2.048e+02	3.495e+04	1.869e+02	1.829e+04	1.353e+02	2.588e+04	1.609e+02	2.624e+04	1.620e+02	2.540e+04	1.594e+02	2.625e+04	1.620e+02	1.829e+04	1.353e+02	2.415e+04	1.554e+02	5.054e+04	2.248e+02
4	3.492e+04	1.869e+02	1.614e+04	1.271e+02	3.952e+04	1.988e+02	1.340e+04	1.158e+02	3.986e+04	1.997e+02	1.795e+04	1.340e+02	2.711e+04	1.647e+02	1.616e+04	1.271e+02	2.962e+04	1.721e+02	4.342e+04	2.084e+02	3.610e+04	1.900e+02	1.915e+04	1.384e+02	2.674e+04	1.635e+02	2.748e+04	1.658e+02	2.608e+04	1.615e+02	2.740e+04	1.655e+02	1.884e+04	1.373e+02	2.497e+04	1.580e+02	5.230e+04	2.287e+02
5	3.614e+04	1.901e+02	1.660e+04	1.288e+02	4.050e+04	2.012e+02	1.393e+04	1.180e+02	4.052e+04	2.013e+02	1.836e+04	1.355e+02	2.738e+04	1.655e+02	1.641e+04	1.281e+02	3.004e+04	1.733e+02	4.460e+04	2.112e+02	3.688e+04	1.920e+02	1.961e+04	1.400e+02	2.724e+04	1.651e+02	2.786e+04	1.669e+02	2.643e+04	1.626e+02	2.853e+04	1.689e+02	1.933e+04	1.390e+02	2.569e+04	1.603e+02	5.404e+04	2.325e+02
6	3.704e+04	1.925e+02	1.692e+04	1.301e+02	4.166e+04	2.041e+02	1.450e+04	1.204e+02	4.262e+04	2.064e+02	1.935e+04	1.391e+02	2.862e+04	1.692e+02	1.732e+04	1.316e+02	3.205e+04	1.790e+02	4.608e+04	2.147e+02	3.764e+04	1.940e+02	2.058e+04	1.435e+02	2.834e+04	1.683e+02	2.983e+04	1.727e+02	2.778e+04	1.667e+02	2.874e+04	1.695e+02	2.006e+04	1.416e+02	2.669e+04	1.634e+02	5.644e+04	2.376e+02
7	3.747e+04	1.936e+02	1.732e+04	1.316e+02	4.229e+04	2.056e+02	1.440e+04	1.200e+02	4.221e+04	2.054e+02	1.955e+04	1.398e+02	2.877e+04	1.696e+02	1.737e+04	1.318e+02	3.200e+04	1.789e+02	4.628e+04	2.151e+02	3.804e+04	1.950e+02	2.068e+04	1.438e+02	2.867e+04	1.693e+02	2.958e+04	1.720e+02	2.774e+04	1.665e+02	2.889e+04	1.700e+02	2.026e+04	1.424e+02	2.676e+04	1.636e+02	5.724e+04	2.393e+02
8	3.775e+04	1.943e+02	1.769e+04	1.330e+02	4.287e+04	2.071e+02	1.479e+04	1.216e+02	4.287e+04	2.070e+02	1.953e+04	1.398e+02	2.910e+04	1.706e+02	1.747e+04	1.322e+02	3.255e+04	1.804e+02	4.686e+04	2.165e+02	3.875e+04	1.969e+02	2.104e+04	1.451e+02	2.921e+04	1.709e+02	2.939e+04	1.714e+02	2.831e+04	1.683e+02	2.954e+04	1.719e+02	2.086e+04	1.444e+02	2.681e+04	1.637e+02	5.844e+04	2.418e+02
9	3.835e+04	1.958e+02	1.786e+04	1.336e+02	4.318e+04	2.078e+02	1.496e+04	1.223e+02	4.290e+04	2.071e+02	1.978e+04	1.406e+02	2.962e+04	1.721e+02	1.764e+04	1.328e+02	3.282e+04	1.812e+02	4.715e+04	2.171e+02	3.926e+04	1.982e+02	2.137e+04	1.462e+02	2.968e+04	1.723e+02	2.910e+04	1.706e+02	2.840e+04	1.685e+02	2.982e+04	1.727e+02	2.108e+04	1.452e+02	2.714e+04	1.648e+02	5.906e+04	2.430e+02
10	3.889e+04	1.972e+02	1.814e+04	1.347e+02	4.400e+04	2.098e+02	1.526e+04	1.235e+02	4.360e+04	2.088e+02	2.006e+04	1.416e+02	3.024e+04	1.739e+02	1.805e+04	1.343e+02	3.372e+04	1.836e+02	4.802e+04	2.191e+02	3.962e+04	1.990e+02	2.187e+04	1.479e+02	3.011e+04	1.735e+02	3.050e+04	1.746e+02	2.898e+04	1.702e+02	2.994e+04	1.730e+02	2.153e+04	1.467e+02	2.777e+04	1.666e+02	6.010e+04	2.451e+02
11	3.906e+04	1.976e+02	1.852e+04	1.361e+02	4.420e+04	2.102e+02	1.547e+04	1.244e+02	4.389e+04	2.095e+02	2.058e+04	1.435e+02	3.090e+04	1.758e+02	1.818e+04	1.348e+02	3.407e+04	1.846e+02	4.870e+04	2.207e+02	4.015e+04	2.004e+02	2.214e+04	1.488e+02	3.045e+04	1.745e+02	3.014e+04	1.736e+02	2.905e+04	1.705e+02	3.009e+04	1.735e+02	2.194e+04	1.481e+02	2.836e+04	1.684e+02	6.073e+04	2.464e+02
12	3.984e+04	1.996e+02	1.882e+04	1.372e+02	4.499e+04	2.121e+02	1.587e+04	1.260e+02	4.504e+04	2.122e+02	2.112e+04	1.453e+02	3.145e+04	1.774e+02	1.867e+04	1.366e+02	3.498e+04	1.870e+02	4.962e+04	2.228e+02	4.034e+04	2.008e+02	2.270e+04	1.507e+02	3.071e+04	1.752e+02	3.124e+04	1.767e+02	2.989e+04	1.729e+02	3.038e+04	1.743e+02	2.242e+04	1.497e+02	2.875e+04	1.696e+02	6.186e+04	2.487e+02
13	3.947e+04	1.987e+02	1.918e+04	1.385e+02	4.202e+04	2.050e+02	1.469e+04	1.212e+02	4.166e+04	2.041e+02	1.912e+04	1.383e+02	2.956e+04	1.719e+02	1.712e+04	1.308e+02	3.215e+04	1.793e+02	4.455e+04	2.111e+02	3.753e+04	1.937e+02	2.111e+04	1.453e+02	2.833e+04	1.683e+02	2.816e+04	1.678e+02	2.700e+04	1.643e+02	2.770e+04	1.664e+02	2.071e+04	1.439e+02	2.599e+04	1.612e+02	5.504e+04	2.346e+02
14	3.609e+04	1.900e+02	1.756e+04	1.325e+02	3.788e+04	1.946e+02	1.337e+04	1.156e+02	3.786e+04	1.946e+02	1.758e+04	1.326e+02	2.675e+04	1.636e+02	1.550e+04	1.245e+02	2.925e+04	1.710e+02	4.070e+04	2.017e+02	3.378e+04	1.838e+02	1.906e+04	1.381e+02	2.562e+04	1.601e+02	2.535e+04	1.592e+02	2.444e+04	1.563e+02	2.511e+04	1.585e+02	1.878e+04	1.370e+02	2.367e+04	1.538e+02	5.039e+04	2.245e+02
15	3.364e+04	1.834e+02	1.650e+04	1.285e+02	3.626e+04	1.904e+02	1.290e+04	1.136e+02	3.656e+04	1.912e+02	1.734e+04	1.317e+02	2.575e+04	1.605e+02	1.511e+04	1.229e+02	2.855e+04	1.690e+02	3.959e+04	1.990e+02	3.259e+04	1.805e+02	1.846e+04	1.358e+02	2.470e+04	1.572e+02	2.502e+04	1.582e+02	2.389e+04	1.546e+02	2.439e+04	1.562e+02	1.814e+04	1.347e+02	2.324e+04	1.524e+02	4.966e+04	2.228e+02
16	3.332e+04	1.825e+02	1.630e+04	1.277e+02	3.658e+04	1.913e+02	1.292e+04	1.137e+02	3.602e+04	1.898e+02	1.698e+04	1.303e+02	2.574e+04	1.605e+02	1.495e+04	1.223e+02	2.861e+04	1.691e+02	3.934e+04	1.983e+02	3.262e+04	1.806e+02	1.842e+04	1.357e+02	2.492e+04	1.578e+02	2.497e+04	1.580e+02	2.368e+04	1.539e+02	2.446e+04	1.564e+02	1.851e+04	1.361e+02	2.313e+04	1.521e+02	4.959e+04	2.227e+02
17	3.317e+04	1.821e+02	1.629e+04	1.276e+02	3.600e+04	1.897e+02	1.279e+04	1.131e+02	3.575e+04	1.891e+02	1.720e+04	1.311e+02	2.524e+04	1.589e+02	1.500e+04	1.225e+02	2.802e+04	1.674e+02	3.934e+04	1.984e+02	3.247e+04	1.802e+02	1.823e+04	1.350e+02	2.479e+04	1.574e+02	2.476e+04	1.574e+02	2.339e+04	1.529e+02	2.433e+04	1.560e+02	1.819e+04	1.349e+02	2.300e+04	1.517e+02	4.929e+04	2.220e+02
18	3.315e+04	1.821e+02	1.642e+04	1.281e+02	3.596e+04	1.896e+02	1.285e+04	1.134e+02	3.571e+04	1.890e+02	1.697e+04	1.303e+02	2.560e+04	1.600e+02	1.475e+04	1.215e+02	2.786e+04	1.669e+02	3.897e+04	1.974e+02	3.254e+04	1.804e+02	1.834e+04	1.354e+02	2.469e+04	1.571e+02	2.438e+04	1.561e+02	2.350e+04	1.533e+02	2.442e+04	1.563e+02	1.846e+04	1.359e+02	2.288e+04	1.513e+02	4.909e+04	2.216e+02
19	3.329e+04	1.824e+02	1.651e+04	1.285e+02	3.582e+04	1.893e+02	1.272e+04	1.128e+02	3.514e+04	1.874e+02	1.712e+04	1.308e+02	2.576e+04	1.605e+02	1.474e+04	1.214e+02	2.752e+04	1.659e+02	3.906e+04	1.976e+02	3.258e+04	1.805e+02	1.827e+04	1.352e+02	2.487e+04	1.577e+02	2.470e+04	1.572e+02	2.324e+04	1.524e+02	2.439e+04	1.562e+02	1.843e+04	1.357e+02	2.289e+04	1.513e+02	4.938e+04	2.222e+02
20	3.361e+04	1.833e+02	1.677e+04	1.295e+02	3.640e+04	1.908e+02	1.301e+04	1.141e+02	3.587e+04	1.894e+02	1.726e+04	1.314e+02	2.561e+04	1.600e+02	1.489e+04	1.220e+02	2.802e+04	1.674e+02	3.959e+04	1.990e+02	3.265e+04	1.807e+02	1.831e+04	1.353e+02	2.499e+04	1.581e+02	2.482e+04	1.575e+02	2.363e+04	1.537e+02	2.448e+04	1.565e+02	1.855e+04	1.362e+02	2.296e+04	1.515e+02	4.956e+04	2.226e+02
21	3.392e+04	1.842e+02	1.695e+04	1.302e+02	3.635e+04	1.907e+02	1.296e+04	1.139e+02	3.575e+04	1.891e+02	1.745e+04	1.321e+02	2.562e+04	1.601e+02	1.511e+04	1.229e+02	2.798e+04	1.673e+02	3.949e+04	1.987e+02	3.270e+04	1.808e+02	1.849e+04	1.360e+02	2.511e+04	1.585e+02	2.506e+04	1.583e+02	2.357e+04	1.535e+02	2.452e+04	1.566e+02	1.876e+04	1.370e+02	2.331e+04	1.527e+02	5.005e+04	2.237e+02
22	3.444e+04	1.856e+02	1.732e+04	1.316e+02	3.688e+04	1.920e+02	1.297e+04	1.139e+02	3.637e+04	1.907e+02	1.738e+04	1.318e+02	2.586e+04	1.608e+02	1.521e+04	1.233e+02	2.824e+04	1.681e+02	3.982e+04	1.996e+02	3.280e+04	1.811e+02	1.853e+04	1.361e+02	2.501e+04	1.581e+02	2.522e+04	1.588e+02	2.364e+04	1.537e+02	2.470e+04	1.572e+02	1.883e+04	1.372e+02	2.342e+04	1.530e+02	5.006e+04	2.238e+02
23	3.478e+04	1.865e+02	1.757e+04	1.326e+02	3.672e+04	1.916e+02	1.314e+04	1.146e+02	3.622e+04	1.903e+02	1.778e+04	1.334e+02	2.579e+04	1.606e+02	1.524e+04	1.235e+02	2.828e+04	1.682e+02	3.990e+04	1.998e+02	3.297e+04	1.816e+02	1.867e+04	1.366e+02	2.537e+04	1.593e+02	2.524e+04	1.589e+02	2.363e+04	1.537e+02	2.511e+04	1.585e+02	1.894e+04	1.376e+02	2.343e+04	1.531e+02	5.026e+04	2.242e+02
24	3.531e+04	1.879e+02	1.771e+04	1.331e+02	3.695e+04	1.922e+02	1.317e+04	1.148e+02	3.599e+04	1.897e+02	1.784e+04	1.335e+02	2.564e+04	1.601e+02	1.531e+04	1.237e+02	2.813e+04	1.677e+02	4.014e+04	2.004e+02	3.320e+04	1.822e+02	1.846e+04	1.359e+02	2.526e+04	1.589e+02	2.510e+04	1.584e+02	2.348e+04	1.532e+02	2.530e+04	1.590e+02	1.889e+04	1.374e+02	2.384e+04	1.544e+02	5.018e+04	2.240e+02
25	3.568e+04	1.889e+02	1.805e+04	1.343e+02	3.748e+04	1.936e+02	1.324e+04	1.150e+02	3.674e+04	1.917e+02	1.776e+04	1.333e+02	2.591e+04	1.610e+02	1.545e+04	1.243e+02	2.856e+04	1.690e+02	4.025e+04	2.006e+02	3.352e+04	1.831e+02	1.869e+04	1.367e+02	2.543e+04	1.595e+02	2.507e+04	1.583e+02	2.386e+04	1.545e+02	2.562e+04	1.600e+02	1.929e+04	1.389e+02	2.388e+04	1.545e+02	5.026e+04	2.242e+02
