# /Users/nicolettemeyer/Documents/Dekas_Lab_Work/Hot2Cold/nanoSIMS_September_2021/20210910_std2_1/: 12C13C
# cell	MEAN1	Poiss_E1	MEAN2	Poiss_E2	MEAN3	Poiss_E3	MEAN4	Poiss_E4	MEAN5	Poiss_E5	MEAN6	Poiss_E6	MEAN7	Poiss_E7	MEAN8	Poiss_E8	MEAN9	Poiss_E9	MEAN10	Poiss_E10	MEAN11	Poiss_E11	MEAN12	Poiss_E12	MEAN13	Poiss_E13	MEAN14	Poiss_E14	MEAN15	Poiss_E15	MEAN16	Poiss_E16
# plane	POL=1		POL=3		POL=1		POL=1		POL=1		POL=1		POL=1		POL=1		POL=1		POL=1		POL=1		POL=1		POL=1		POL=1		POL=1		POL=1	
1	2.100e+01	4.583e+00	1.220e+02	1.105e+01	2.100e+02	1.449e+01	1.520e+02	1.233e+01	1.460e+02	1.208e+01	1.000e+02	1.000e+01	1.730e+02	1.315e+01	2.050e+02	1.432e+01	1.320e+02	1.149e+01	2.410e+02	1.552e+01	2.500e+02	1.581e+01	1.000e+02	1.000e+01	1.660e+02	1.288e+01	1.310e+02	1.145e+01	1.290e+02	1.136e+01	1.370e+02	1.170e+01
2	2.400e+01	4.899e+00	1.250e+02	1.118e+01	2.790e+02	1.670e+01	1.530e+02	1.237e+01	1.400e+02	1.183e+01	1.150e+02	1.072e+01	1.730e+02	1.315e+01	2.200e+02	1.483e+01	1.360e+02	1.166e+01	2.480e+02	1.575e+01	2.670e+02	1.634e+01	1.060e+02	1.030e+01	2.050e+02	1.432e+01	1.290e+02	1.136e+01	1.350e+02	1.162e+01	1.420e+02	1.192e+01
3	2.600e+01	5.099e+00	1.520e+02	1.233e+01	2.790e+02	1.670e+01	1.530e+02	1.237e+01	1.400e+02	1.183e+01	1.320e+02	1.149e+01	2.120e+02	1.456e+01	2.220e+02	1.490e+01	1.370e+02	1.170e+01	2.380e+02	1.543e+01	2.900e+02	1.703e+01	1.300e+02	1.140e+01	2.030e+02	1.425e+01	1.130e+02	1.063e+01	1.560e+02	1.249e+01	1.610e+02	1.269e+01
4	1.900e+01	4.359e+00	1.400e+02	1.183e+01	2.910e+02	1.706e+01	1.880e+02	1.371e+01	1.610e+02	1.269e+01	1.500e+02	1.225e+01	1.890e+02	1.375e+01	2.690e+02	1.640e+01	1.570e+02	1.253e+01	2.840e+02	1.685e+01	2.680e+02	1.637e+01	1.340e+02	1.158e+01	2.310e+02	1.520e+01	1.360e+02	1.166e+01	1.500e+02	1.225e+01	1.800e+02	1.342e+01
5	4.000e+01	6.325e+00	1.320e+02	1.149e+01	3.010e+02	1.735e+01	1.860e+02	1.364e+01	1.620e+02	1.273e+01	1.650e+02	1.285e+01	2.190e+02	1.480e+01	2.510e+02	1.584e+01	1.570e+02	1.253e+01	2.920e+02	1.709e+01	2.880e+02	1.697e+01	1.430e+02	1.196e+01	2.100e+02	1.449e+01	1.360e+02	1.166e+01	1.330e+02	1.153e+01	1.780e+02	1.334e+01
6	3.100e+01	5.568e+00	1.460e+02	1.208e+01	3.360e+02	1.833e+01	1.910e+02	1.382e+01	1.500e+02	1.225e+01	1.550e+02	1.245e+01	2.360e+02	1.536e+01	2.830e+02	1.682e+01	2.040e+02	1.428e+01	2.630e+02	1.622e+01	3.160e+02	1.778e+01	1.220e+02	1.105e+01	2.390e+02	1.546e+01	1.490e+02	1.221e+01	1.620e+02	1.273e+01	1.890e+02	1.375e+01
7	3.300e+01	5.745e+00	1.310e+02	1.145e+01	3.320e+02	1.822e+01	2.080e+02	1.442e+01	1.710e+02	1.308e+01	1.540e+02	1.241e+01	2.540e+02	1.594e+01	2.470e+02	1.572e+01	1.840e+02	1.356e+01	2.870e+02	1.694e+01	3.150e+02	1.775e+01	1.250e+02	1.118e+01	2.280e+02	1.510e+01	1.420e+02	1.192e+01	1.800e+02	1.342e+01	1.930e+02	1.389e+01
8	2.800e+01	5.292e+00	1.350e+02	1.162e+01	3.290e+02	1.814e+01	2.220e+02	1.490e+01	1.820e+02	1.349e+01	1.790e+02	1.338e+01	2.670e+02	1.634e+01	2.600e+02	1.612e+01	1.840e+02	1.356e+01	3.300e+02	1.817e+01	3.240e+02	1.800e+01	1.250e+02	1.118e+01	2.130e+02	1.459e+01	1.750e+02	1.323e+01	1.820e+02	1.349e+01	2.240e+02	1.497e+01
9	3.700e+01	6.083e+00	1.150e+02	1.072e+01	3.840e+02	1.960e+01	2.360e+02	1.536e+01	1.860e+02	1.364e+01	1.680e+02	1.296e+01	2.460e+02	1.568e+01	2.730e+02	1.652e+01	2.040e+02	1.428e+01	3.030e+02	1.741e+01	3.690e+02	1.921e+01	1.160e+02	1.077e+01	2.530e+02	1.591e+01	1.930e+02	1.389e+01	1.950e+02	1.396e+01	2.120e+02	1.456e+01
10	2.900e+01	5.385e+00	1.020e+02	1.010e+01	3.530e+02	1.879e+01	2.510e+02	1.584e+01	1.730e+02	1.315e+01	1.950e+02	1.396e+01	2.440e+02	1.562e+01	3.100e+02	1.761e+01	2.080e+02	1.442e+01	3.140e+02	1.772e+01	3.430e+02	1.852e+01	1.600e+02	1.265e+01	2.810e+02	1.676e+01	1.640e+02	1.281e+01	2.020e+02	1.421e+01	2.150e+02	1.466e+01
11	3.000e+01	5.477e+00	9.100e+01	9.539e+00	4.040e+02	2.010e+01	2.350e+02	1.533e+01	2.060e+02	1.435e+01	1.860e+02	1.364e+01	2.950e+02	1.718e+01	3.380e+02	1.838e+01	2.170e+02	1.473e+01	3.450e+02	1.857e+01	3.870e+02	1.967e+01	1.560e+02	1.249e+01	2.810e+02	1.676e+01	1.950e+02	1.396e+01	2.300e+02	1.517e+01	2.120e+02	1.456e+01
12	4.200e+01	6.481e+00	1.140e+02	1.068e+01	3.800e+02	1.949e+01	2.630e+02	1.622e+01	2.360e+02	1.536e+01	1.840e+02	1.356e+01	3.160e+02	1.778e+01	3.280e+02	1.811e+01	2.260e+02	1.503e+01	3.440e+02	1.855e+01	3.830e+02	1.957e+01	1.610e+02	1.269e+01	3.270e+02	1.808e+01	1.920e+02	1.386e+01	2.160e+02	1.470e+01	2.510e+02	1.584e+01
13	3.800e+01	6.164e+00	1.170e+02	1.082e+01	4.060e+02	2.015e+01	2.580e+02	1.606e+01	2.040e+02	1.428e+01	2.300e+02	1.517e+01	3.000e+02	1.732e+01	3.460e+02	1.860e+01	2.550e+02	1.597e+01	3.910e+02	1.977e+01	4.000e+02	2.000e+01	1.780e+02	1.334e+01	3.150e+02	1.775e+01	1.920e+02	1.386e+01	2.460e+02	1.568e+01	2.580e+02	1.606e+01
14	4.600e+01	6.782e+00	1.050e+02	1.025e+01	4.220e+02	2.054e+01	2.820e+02	1.679e+01	2.420e+02	1.556e+01	2.100e+02	1.449e+01	2.900e+02	1.703e+01	3.370e+02	1.836e+01	2.430e+02	1.559e+01	3.680e+02	1.918e+01	4.110e+02	2.027e+01	1.540e+02	1.241e+01	3.100e+02	1.761e+01	2.030e+02	1.425e+01	2.230e+02	1.493e+01	2.390e+02	1.546e+01
15	4.100e+01	6.403e+00	9.700e+01	9.849e+00	4.210e+02	2.052e+01	2.610e+02	1.616e+01	2.140e+02	1.463e+01	2.150e+02	1.466e+01	2.860e+02	1.691e+01	3.560e+02	1.887e+01	2.580e+02	1.606e+01	3.510e+02	1.873e+01	4.100e+02	2.025e+01	1.820e+02	1.349e+01	3.090e+02	1.758e+01	2.080e+02	1.442e+01	2.390e+02	1.546e+01	2.500e+02	1.581e+01
16	4.700e+01	6.856e+00	1.050e+02	1.025e+01	4.720e+02	2.173e+01	3.220e+02	1.794e+01	2.200e+02	1.483e+01	2.280e+02	1.510e+01	3.140e+02	1.772e+01	3.570e+02	1.889e+01	2.860e+02	1.691e+01	4.460e+02	2.112e+01	4.750e+02	2.179e+01	2.050e+02	1.432e+01	3.400e+02	1.844e+01	2.640e+02	1.625e+01	2.520e+02	1.587e+01	2.630e+02	1.622e+01
17	5.300e+01	7.280e+00	1.140e+02	1.068e+01	4.680e+02	2.163e+01	3.090e+02	1.758e+01	2.390e+02	1.546e+01	2.560e+02	1.600e+01	3.660e+02	1.913e+01	3.620e+02	1.903e+01	3.080e+02	1.755e+01	4.450e+02	2.110e+01	4.520e+02	2.126e+01	2.330e+02	1.526e+01	3.820e+02	1.954e+01	2.300e+02	1.517e+01	2.370e+02	1.539e+01	2.900e+02	1.703e+01
18	3.800e+01	6.164e+00	8.600e+01	9.274e+00	4.900e+02	2.214e+01	3.280e+02	1.811e+01	2.560e+02	1.600e+01	2.550e+02	1.597e+01	3.960e+02	1.990e+01	3.640e+02	1.908e+01	3.180e+02	1.783e+01	4.450e+02	2.110e+01	4.850e+02	2.202e+01	1.880e+02	1.371e+01	3.520e+02	1.876e+01	2.550e+02	1.597e+01	2.870e+02	1.694e+01	3.060e+02	1.749e+01
19	5.000e+01	7.071e+00	1.120e+02	1.058e+01	5.150e+02	2.269e+01	3.290e+02	1.814e+01	2.820e+02	1.679e+01	2.500e+02	1.581e+01	3.670e+02	1.916e+01	3.890e+02	1.972e+01	3.540e+02	1.881e+01	4.810e+02	2.193e+01	4.730e+02	2.175e+01	2.100e+02	1.449e+01	3.680e+02	1.918e+01	2.520e+02	1.587e+01	2.810e+02	1.676e+01	3.190e+02	1.786e+01
20	4.400e+01	6.633e+00	1.080e+02	1.039e+01	4.800e+02	2.191e+01	3.540e+02	1.881e+01	3.110e+02	1.764e+01	2.880e+02	1.697e+01	3.800e+02	1.949e+01	3.750e+02	1.936e+01	3.380e+02	1.838e+01	4.740e+02	2.177e+01	4.990e+02	2.234e+01	1.990e+02	1.411e+01	4.300e+02	2.074e+01	2.350e+02	1.533e+01	2.580e+02	1.606e+01	3.330e+02	1.825e+01
21	5.700e+01	7.550e+00	1.060e+02	1.030e+01	5.630e+02	2.373e+01	3.840e+02	1.960e+01	3.230e+02	1.797e+01	2.720e+02	1.649e+01	3.970e+02	1.992e+01	4.320e+02	2.078e+01	3.140e+02	1.772e+01	4.690e+02	2.166e+01	5.540e+02	2.354e+01	2.270e+02	1.507e+01	4.010e+02	2.002e+01	2.550e+02	1.597e+01	3.000e+02	1.732e+01	2.910e+02	1.706e+01
22	6.900e+01	8.307e+00	1.060e+02	1.030e+01	5.420e+02	2.328e+01	4.040e+02	2.010e+01	2.880e+02	1.697e+01	3.100e+02	1.761e+01	4.420e+02	2.102e+01	4.610e+02	2.147e+01	3.560e+02	1.887e+01	4.980e+02	2.232e+01	6.080e+02	2.466e+01	2.330e+02	1.526e+01	4.370e+02	2.090e+01	2.710e+02	1.646e+01	3.150e+02	1.775e+01	3.500e+02	1.871e+01
23	5.600e+01	7.483e+00	1.210e+02	1.100e+01	5.970e+02	2.443e+01	3.900e+02	1.975e+01	2.950e+02	1.718e+01	3.270e+02	1.808e+01	4.640e+02	2.154e+01	4.480e+02	2.117e+01	3.880e+02	1.970e+01	5.370e+02	2.317e+01	5.470e+02	2.339e+01	2.380e+02	1.543e+01	4.530e+02	2.128e+01	2.760e+02	1.661e+01	3.260e+02	1.806e+01	3.330e+02	1.825e+01
24	7.100e+01	8.426e+00	1.130e+02	1.063e+01	5.780e+02	2.404e+01	4.260e+02	2.064e+01	3.090e+02	1.758e+01	2.920e+02	1.709e+01	4.670e+02	2.161e+01	4.710e+02	2.170e+01	3.590e+02	1.895e+01	5.660e+02	2.379e+01	5.850e+02	2.419e+01	2.350e+02	1.533e+01	4.100e+02	2.025e+01	2.760e+02	1.661e+01	3.410e+02	1.847e+01	3.340e+02	1.828e+01
25	8.500e+01	9.220e+00	1.180e+02	1.086e+01	6.110e+02	2.472e+01	4.480e+02	2.117e+01	3.490e+02	1.868e+01	3.290e+02	1.814e+01	4.860e+02	2.205e+01	4.550e+02	2.133e+01	3.960e+02	1.990e+01	5.980e+02	2.445e+01	6.210e+02	2.492e+01	2.340e+02	1.530e+01	4.530e+02	2.128e+01	3.220e+02	1.794e+01	3.420e+02	1.849e+01	3.770e+02	1.942e+01
