# /Users/nicolettemeyer/Documents/Dekas_Lab_Work/Hot2Cold/nanoSIMS_September_2021/20210910_std2_1/: 13C
# cell	MEAN1	Poiss_E1	MEAN2	Poiss_E2	MEAN3	Poiss_E3	MEAN4	Poiss_E4	MEAN5	Poiss_E5	MEAN6	Poiss_E6	MEAN7	Poiss_E7	MEAN8	Poiss_E8	MEAN9	Poiss_E9	MEAN10	Poiss_E10	MEAN11	Poiss_E11	MEAN12	Poiss_E12	MEAN13	Poiss_E13	MEAN14	Poiss_E14	MEAN15	Poiss_E15	MEAN16	Poiss_E16
# plane	POL=0		POL=3		POL=1		POL=1		POL=5		POL=1		POL=1		POL=1		POL=1		POL=1		POL=1		POL=5		POL=1		POL=1		POL=0		POL=1	
1	2.000e+00	1.414e+00	1.000e+01	3.162e+00	8.000e+00	2.828e+00	2.000e+00	1.414e+00	6.000e+00	2.449e+00	7.000e+00	2.646e+00	6.000e+00	2.449e+00	5.000e+00	2.236e+00	9.000e+00	3.000e+00	5.000e+00	2.236e+00	1.100e+01	3.317e+00	2.000e+00	1.414e+00	1.200e+01	3.464e+00	4.000e+00	2.000e+00	2.000e+00	1.414e+00	3.000e+00	1.732e+00
2	3.000e+00	1.732e+00	8.000e+00	2.828e+00	1.400e+01	3.742e+00	6.000e+00	2.449e+00	6.000e+00	2.449e+00	5.000e+00	2.236e+00	4.000e+00	2.000e+00	1.000e+01	3.162e+00	6.000e+00	2.449e+00	4.000e+00	2.000e+00	1.400e+01	3.742e+00	5.000e+00	2.236e+00	5.000e+00	2.236e+00	2.000e+00	1.414e+00	4.000e+00	2.000e+00	3.000e+00	1.732e+00
3	1.000e+00	1.000e+00	1.100e+01	3.317e+00	8.000e+00	2.828e+00	7.000e+00	2.646e+00	1.100e+01	3.317e+00	7.000e+00	2.646e+00	3.000e+00	1.732e+00	9.000e+00	3.000e+00	6.000e+00	2.449e+00	1.000e+01	3.162e+00	9.000e+00	3.000e+00	6.000e+00	2.449e+00	7.000e+00	2.646e+00	4.000e+00	2.000e+00	5.000e+00	2.236e+00	5.000e+00	2.236e+00
4	1.000e+00	1.000e+00	5.000e+00	2.236e+00	1.400e+01	3.742e+00	6.000e+00	2.449e+00	9.000e+00	3.000e+00	6.000e+00	2.449e+00	1.100e+01	3.317e+00	9.000e+00	3.000e+00	5.000e+00	2.236e+00	1.000e+01	3.162e+00	9.000e+00	3.000e+00	7.000e+00	2.646e+00	1.000e+01	3.162e+00	6.000e+00	2.449e+00	6.000e+00	2.449e+00	5.000e+00	2.236e+00
5	0.000e+00	0.000e+00	7.000e+00	2.646e+00	9.000e+00	3.000e+00	8.000e+00	2.828e+00	1.100e+01	3.317e+00	5.000e+00	2.236e+00	1.100e+01	3.317e+00	8.000e+00	2.828e+00	8.000e+00	2.828e+00	1.100e+01	3.317e+00	1.000e+01	3.162e+00	2.000e+00	1.414e+00	8.000e+00	2.828e+00	3.000e+00	1.732e+00	6.000e+00	2.449e+00	4.000e+00	2.000e+00
6	3.000e+00	1.732e+00	2.000e+00	1.414e+00	1.500e+01	3.873e+00	1.200e+01	3.464e+00	9.000e+00	3.000e+00	8.000e+00	2.828e+00	1.300e+01	3.606e+00	9.000e+00	3.000e+00	7.000e+00	2.646e+00	1.200e+01	3.464e+00	1.700e+01	4.123e+00	7.000e+00	2.646e+00	7.000e+00	2.646e+00	4.000e+00	2.000e+00	7.000e+00	2.646e+00	3.000e+00	1.732e+00
7	0.000e+00	0.000e+00	4.000e+00	2.000e+00	1.800e+01	4.243e+00	1.700e+01	4.123e+00	1.100e+01	3.317e+00	1.100e+01	3.317e+00	1.100e+01	3.317e+00	1.100e+01	3.317e+00	5.000e+00	2.236e+00	7.000e+00	2.646e+00	1.200e+01	3.464e+00	6.000e+00	2.449e+00	1.100e+01	3.317e+00	3.000e+00	1.732e+00	4.000e+00	2.000e+00	7.000e+00	2.646e+00
8	1.000e+00	1.000e+00	5.000e+00	2.236e+00	2.000e+01	4.472e+00	1.200e+01	3.464e+00	6.000e+00	2.449e+00	8.000e+00	2.828e+00	6.000e+00	2.449e+00	1.400e+01	3.742e+00	5.000e+00	2.236e+00	8.000e+00	2.828e+00	1.200e+01	3.464e+00	0.000e+00	0.000e+00	1.500e+01	3.873e+00	4.000e+00	2.000e+00	3.000e+00	1.732e+00	5.000e+00	2.236e+00
9	2.000e+00	1.414e+00	1.000e+00	1.000e+00	1.400e+01	3.742e+00	1.400e+01	3.742e+00	8.000e+00	2.828e+00	7.000e+00	2.646e+00	1.100e+01	3.317e+00	1.100e+01	3.317e+00	7.000e+00	2.646e+00	1.400e+01	3.742e+00	1.400e+01	3.742e+00	3.000e+00	1.732e+00	6.000e+00	2.449e+00	8.000e+00	2.828e+00	6.000e+00	2.449e+00	5.000e+00	2.236e+00
10	1.000e+00	1.000e+00	3.000e+00	1.732e+00	1.000e+01	3.162e+00	1.500e+01	3.873e+00	5.000e+00	2.236e+00	1.100e+01	3.317e+00	1.400e+01	3.742e+00	9.000e+00	3.000e+00	8.000e+00	2.828e+00	1.000e+01	3.162e+00	7.000e+00	2.646e+00	7.000e+00	2.646e+00	4.000e+00	2.000e+00	5.000e+00	2.236e+00	4.000e+00	2.000e+00	7.000e+00	2.646e+00
11	2.000e+00	1.414e+00	2.000e+00	1.414e+00	1.500e+01	3.873e+00	2.000e+01	4.472e+00	8.000e+00	2.828e+00	1.300e+01	3.606e+00	8.000e+00	2.828e+00	1.200e+01	3.464e+00	1.800e+01	4.243e+00	1.800e+01	4.243e+00	2.800e+01	5.292e+00	5.000e+00	2.236e+00	1.100e+01	3.317e+00	7.000e+00	2.646e+00	5.000e+00	2.236e+00	6.000e+00	2.449e+00
12	1.000e+00	1.000e+00	1.000e+00	1.000e+00	1.600e+01	4.000e+00	2.000e+01	4.472e+00	8.000e+00	2.828e+00	1.300e+01	3.606e+00	1.100e+01	3.317e+00	1.500e+01	3.873e+00	1.600e+01	4.000e+00	1.500e+01	3.873e+00	1.900e+01	4.359e+00	9.000e+00	3.000e+00	9.000e+00	3.000e+00	1.000e+01	3.162e+00	5.000e+00	2.236e+00	8.000e+00	2.828e+00
13	0.000e+00	0.000e+00	2.000e+00	1.414e+00	1.500e+01	3.873e+00	1.600e+01	4.000e+00	6.000e+00	2.449e+00	9.000e+00	3.000e+00	1.300e+01	3.606e+00	1.100e+01	3.317e+00	1.300e+01	3.606e+00	2.100e+01	4.583e+00	2.300e+01	4.796e+00	9.000e+00	3.000e+00	2.000e+01	4.472e+00	8.000e+00	2.828e+00	1.000e+01	3.162e+00	1.000e+01	3.162e+00
14	1.000e+00	1.000e+00	2.000e+00	1.414e+00	2.600e+01	5.099e+00	1.300e+01	3.606e+00	1.000e+01	3.162e+00	1.300e+01	3.606e+00	6.000e+00	2.449e+00	1.500e+01	3.873e+00	1.800e+01	4.243e+00	1.000e+01	3.162e+00	1.800e+01	4.243e+00	1.100e+01	3.317e+00	1.400e+01	3.742e+00	1.100e+01	3.317e+00	8.000e+00	2.828e+00	9.000e+00	3.000e+00
15	4.000e+00	2.000e+00	3.000e+00	1.732e+00	1.300e+01	3.606e+00	1.700e+01	4.123e+00	1.100e+01	3.317e+00	1.000e+01	3.162e+00	1.100e+01	3.317e+00	1.500e+01	3.873e+00	1.200e+01	3.464e+00	1.700e+01	4.123e+00	2.300e+01	4.796e+00	1.200e+01	3.464e+00	1.700e+01	4.123e+00	8.000e+00	2.828e+00	8.000e+00	2.828e+00	9.000e+00	3.000e+00
16	3.000e+00	1.732e+00	2.000e+00	1.414e+00	1.800e+01	4.243e+00	1.400e+01	3.742e+00	1.700e+01	4.123e+00	1.200e+01	3.464e+00	1.700e+01	4.123e+00	1.000e+01	3.162e+00	2.300e+01	4.796e+00	2.300e+01	4.796e+00	1.600e+01	4.000e+00	1.200e+01	3.464e+00	1.100e+01	3.317e+00	1.000e+01	3.162e+00	7.000e+00	2.646e+00	1.200e+01	3.464e+00
17	2.000e+00	1.414e+00	5.000e+00	2.236e+00	2.200e+01	4.690e+00	2.300e+01	4.796e+00	1.200e+01	3.464e+00	1.300e+01	3.606e+00	1.500e+01	3.873e+00	1.800e+01	4.243e+00	2.300e+01	4.796e+00	2.500e+01	5.000e+00	2.300e+01	4.796e+00	1.000e+01	3.162e+00	1.900e+01	4.359e+00	1.400e+01	3.742e+00	1.100e+01	3.317e+00	1.000e+01	3.162e+00
18	1.000e+00	1.000e+00	4.000e+00	2.000e+00	2.300e+01	4.796e+00	2.700e+01	5.196e+00	1.300e+01	3.606e+00	8.000e+00	2.828e+00	1.500e+01	3.873e+00	2.000e+01	4.472e+00	1.900e+01	4.359e+00	1.800e+01	4.243e+00	3.600e+01	6.000e+00	6.000e+00	2.449e+00	1.800e+01	4.243e+00	1.100e+01	3.317e+00	2.000e+01	4.472e+00	1.800e+01	4.243e+00
19	3.000e+00	1.732e+00	4.000e+00	2.000e+00	2.700e+01	5.196e+00	2.700e+01	5.196e+00	1.900e+01	4.359e+00	1.000e+01	3.162e+00	1.600e+01	4.000e+00	1.700e+01	4.123e+00	2.000e+01	4.472e+00	2.600e+01	5.099e+00	3.000e+01	5.477e+00	7.000e+00	2.646e+00	1.600e+01	4.000e+00	1.200e+01	3.464e+00	4.000e+00	2.000e+00	8.000e+00	2.828e+00
20	2.000e+00	1.414e+00	2.000e+00	1.414e+00	2.900e+01	5.385e+00	1.900e+01	4.359e+00	2.700e+01	5.196e+00	1.300e+01	3.606e+00	2.000e+01	4.472e+00	1.700e+01	4.123e+00	2.500e+01	5.000e+00	1.600e+01	4.000e+00	2.400e+01	4.899e+00	5.000e+00	2.236e+00	2.100e+01	4.583e+00	5.000e+00	2.236e+00	8.000e+00	2.828e+00	1.400e+01	3.742e+00
21	3.000e+00	1.732e+00	2.000e+00	1.414e+00	2.700e+01	5.196e+00	3.100e+01	5.568e+00	8.000e+00	2.828e+00	1.900e+01	4.359e+00	1.600e+01	4.000e+00	1.500e+01	3.873e+00	2.500e+01	5.000e+00	3.000e+01	5.477e+00	3.300e+01	5.745e+00	8.000e+00	2.828e+00	1.400e+01	3.742e+00	1.100e+01	3.317e+00	1.600e+01	4.000e+00	1.800e+01	4.243e+00
22	1.000e+00	1.000e+00	4.000e+00	2.000e+00	3.600e+01	6.000e+00	2.600e+01	5.099e+00	1.400e+01	3.742e+00	1.900e+01	4.359e+00	2.200e+01	4.690e+00	2.300e+01	4.796e+00	2.100e+01	4.583e+00	3.700e+01	6.083e+00	3.600e+01	6.000e+00	9.000e+00	3.000e+00	2.500e+01	5.000e+00	1.300e+01	3.606e+00	1.500e+01	3.873e+00	9.000e+00	3.000e+00
23	3.000e+00	1.732e+00	2.000e+00	1.414e+00	4.400e+01	6.633e+00	2.000e+01	4.472e+00	2.100e+01	4.583e+00	2.300e+01	4.796e+00	2.700e+01	5.196e+00	2.100e+01	4.583e+00	2.700e+01	5.196e+00	3.100e+01	5.568e+00	4.200e+01	6.481e+00	8.000e+00	2.828e+00	2.700e+01	5.196e+00	1.200e+01	3.464e+00	1.500e+01	3.873e+00	2.300e+01	4.796e+00
24	0.000e+00	0.000e+00	2.000e+00	1.414e+00	3.000e+01	5.477e+00	2.900e+01	5.385e+00	2.900e+01	5.385e+00	2.400e+01	4.899e+00	2.700e+01	5.196e+00	2.200e+01	4.690e+00	2.700e+01	5.196e+00	2.900e+01	5.385e+00	3.200e+01	5.657e+00	1.400e+01	3.742e+00	2.100e+01	4.583e+00	1.100e+01	3.317e+00	1.200e+01	3.464e+00	1.700e+01	4.123e+00
25	4.000e+00	2.000e+00	2.000e+00	1.414e+00	3.100e+01	5.568e+00	3.900e+01	6.245e+00	2.300e+01	4.796e+00	2.100e+01	4.583e+00	2.800e+01	5.292e+00	2.600e+01	5.099e+00	3.700e+01	6.083e+00	2.200e+01	4.690e+00	3.200e+01	5.657e+00	1.600e+01	4.000e+00	3.300e+01	5.745e+00	9.000e+00	3.000e+00	1.200e+01	3.464e+00	2.400e+01	4.899e+00
