# /Users/nicolettemeyer/Documents/Dekas_Lab_Work/Hot2Cold/nanoSIMS_September_2021/20210910_std2_1/: Esi
# cell	MEAN1	Poiss_E1	MEAN2	Poiss_E2	MEAN3	Poiss_E3	MEAN4	Poiss_E4	MEAN5	Poiss_E5	MEAN6	Poiss_E6	MEAN7	Poiss_E7	MEAN8	Poiss_E8	MEAN9	Poiss_E9	MEAN10	Poiss_E10	MEAN11	Poiss_E11	MEAN12	Poiss_E12	MEAN13	Poiss_E13	MEAN14	Poiss_E14	MEAN15	Poiss_E15	MEAN16	Poiss_E16
# plane	POL=3		POL=3		POL=3		POL=1		POL=4		POL=1		POL=1		POL=1		POL=2		POL=1		POL=1		POL=1		POL=4		POL=1		POL=1		POL=1	
1	9.337e+03	9.663e+01	1.583e+04	1.258e+02	4.856e+04	2.204e+02	2.773e+04	1.665e+02	2.783e+04	1.668e+02	2.220e+04	1.490e+02	3.208e+04	1.791e+02	3.563e+04	1.887e+02	3.619e+04	1.902e+02	3.996e+04	1.999e+02	4.898e+04	2.213e+02	1.576e+04	1.256e+02	4.389e+04	2.095e+02	2.830e+04	1.682e+02	2.654e+04	1.629e+02	2.801e+04	1.673e+02
2	1.017e+04	1.009e+02	1.705e+04	1.306e+02	5.075e+04	2.253e+02	2.801e+04	1.674e+02	2.920e+04	1.709e+02	2.260e+04	1.503e+02	3.301e+04	1.817e+02	3.666e+04	1.915e+02	3.695e+04	1.922e+02	4.014e+04	2.004e+02	5.170e+04	2.274e+02	1.629e+04	1.276e+02	4.477e+04	2.116e+02	2.871e+04	1.694e+02	2.594e+04	1.611e+02	2.909e+04	1.706e+02
3	1.016e+04	1.008e+02	1.682e+04	1.297e+02	5.048e+04	2.247e+02	2.825e+04	1.681e+02	2.973e+04	1.724e+02	2.298e+04	1.516e+02	3.324e+04	1.823e+02	3.677e+04	1.918e+02	3.708e+04	1.925e+02	4.014e+04	2.003e+02	5.191e+04	2.278e+02	1.607e+04	1.268e+02	4.543e+04	2.131e+02	2.851e+04	1.689e+02	2.588e+04	1.609e+02	2.926e+04	1.710e+02
4	9.680e+03	9.839e+01	1.656e+04	1.287e+02	5.129e+04	2.265e+02	2.879e+04	1.697e+02	2.959e+04	1.720e+02	2.411e+04	1.553e+02	3.439e+04	1.854e+02	3.825e+04	1.956e+02	3.726e+04	1.930e+02	4.117e+04	2.029e+02	5.226e+04	2.286e+02	1.639e+04	1.280e+02	4.686e+04	2.165e+02	2.858e+04	1.691e+02	2.728e+04	1.652e+02	2.913e+04	1.707e+02
5	9.842e+03	9.921e+01	1.665e+04	1.290e+02	5.078e+04	2.253e+02	2.908e+04	1.705e+02	3.026e+04	1.740e+02	2.424e+04	1.557e+02	3.418e+04	1.849e+02	3.785e+04	1.945e+02	3.721e+04	1.929e+02	4.045e+04	2.011e+02	5.215e+04	2.284e+02	1.631e+04	1.277e+02	4.678e+04	2.163e+02	2.785e+04	1.669e+02	2.659e+04	1.631e+02	2.924e+04	1.710e+02
6	1.002e+04	1.001e+02	1.697e+04	1.303e+02	5.235e+04	2.288e+02	2.928e+04	1.711e+02	2.939e+04	1.714e+02	2.432e+04	1.559e+02	3.486e+04	1.867e+02	3.957e+04	1.989e+02	3.783e+04	1.945e+02	4.290e+04	2.071e+02	5.277e+04	2.297e+02	1.696e+04	1.302e+02	4.702e+04	2.169e+02	2.976e+04	1.725e+02	2.722e+04	1.650e+02	3.041e+04	1.744e+02
7	9.787e+03	9.893e+01	1.643e+04	1.282e+02	5.251e+04	2.292e+02	2.945e+04	1.716e+02	2.979e+04	1.726e+02	2.466e+04	1.570e+02	3.499e+04	1.871e+02	3.957e+04	1.989e+02	3.820e+04	1.955e+02	4.273e+04	2.067e+02	5.353e+04	2.314e+02	1.689e+04	1.299e+02	4.723e+04	2.173e+02	2.940e+04	1.715e+02	2.682e+04	1.638e+02	2.991e+04	1.729e+02
8	9.844e+03	9.922e+01	1.645e+04	1.283e+02	5.263e+04	2.294e+02	2.999e+04	1.732e+02	3.006e+04	1.734e+02	2.433e+04	1.560e+02	3.527e+04	1.878e+02	3.953e+04	1.988e+02	3.823e+04	1.955e+02	4.347e+04	2.085e+02	5.329e+04	2.308e+02	1.717e+04	1.310e+02	4.750e+04	2.179e+02	2.999e+04	1.732e+02	2.759e+04	1.661e+02	3.036e+04	1.742e+02
9	9.817e+03	9.908e+01	1.649e+04	1.284e+02	5.330e+04	2.309e+02	3.038e+04	1.743e+02	3.016e+04	1.737e+02	2.500e+04	1.581e+02	3.582e+04	1.893e+02	4.024e+04	2.006e+02	3.871e+04	1.968e+02	4.417e+04	2.102e+02	5.412e+04	2.326e+02	1.754e+04	1.325e+02	4.825e+04	2.196e+02	3.029e+04	1.741e+02	2.802e+04	1.674e+02	3.086e+04	1.757e+02
10	9.301e+03	9.644e+01	1.619e+04	1.272e+02	5.250e+04	2.291e+02	3.074e+04	1.753e+02	3.064e+04	1.750e+02	2.433e+04	1.560e+02	3.539e+04	1.881e+02	3.916e+04	1.979e+02	3.959e+04	1.990e+02	4.406e+04	2.099e+02	5.413e+04	2.327e+02	1.751e+04	1.323e+02	4.762e+04	2.182e+02	3.030e+04	1.741e+02	2.836e+04	1.684e+02	3.030e+04	1.741e+02
11	9.470e+03	9.731e+01	1.593e+04	1.262e+02	5.374e+04	2.318e+02	3.107e+04	1.763e+02	3.077e+04	1.754e+02	2.566e+04	1.602e+02	3.610e+04	1.900e+02	4.071e+04	2.018e+02	3.967e+04	1.992e+02	4.490e+04	2.119e+02	5.492e+04	2.344e+02	1.764e+04	1.328e+02	4.915e+04	2.217e+02	3.031e+04	1.741e+02	2.841e+04	1.685e+02	3.079e+04	1.755e+02
12	9.718e+03	9.858e+01	1.624e+04	1.274e+02	5.420e+04	2.328e+02	3.147e+04	1.774e+02	3.094e+04	1.759e+02	2.595e+04	1.611e+02	3.682e+04	1.919e+02	4.124e+04	2.031e+02	4.018e+04	2.005e+02	4.500e+04	2.121e+02	5.550e+04	2.356e+02	1.788e+04	1.337e+02	4.948e+04	2.224e+02	3.028e+04	1.740e+02	2.830e+04	1.682e+02	3.086e+04	1.757e+02
13	1.003e+04	1.002e+02	1.642e+04	1.281e+02	5.420e+04	2.328e+02	3.185e+04	1.785e+02	3.133e+04	1.770e+02	2.504e+04	1.582e+02	3.669e+04	1.915e+02	4.076e+04	2.019e+02	4.057e+04	2.014e+02	4.629e+04	2.151e+02	5.523e+04	2.350e+02	1.826e+04	1.351e+02	4.955e+04	2.226e+02	3.154e+04	1.776e+02	2.898e+04	1.702e+02	3.179e+04	1.783e+02
14	9.779e+03	9.889e+01	1.637e+04	1.280e+02	5.446e+04	2.334e+02	3.225e+04	1.796e+02	3.186e+04	1.785e+02	2.524e+04	1.589e+02	3.644e+04	1.909e+02	4.066e+04	2.016e+02	4.086e+04	2.021e+02	4.517e+04	2.125e+02	5.651e+04	2.377e+02	1.827e+04	1.352e+02	4.962e+04	2.228e+02	3.134e+04	1.770e+02	2.895e+04	1.701e+02	3.116e+04	1.765e+02
15	9.824e+03	9.912e+01	1.616e+04	1.271e+02	5.535e+04	2.353e+02	3.260e+04	1.806e+02	3.177e+04	1.782e+02	2.606e+04	1.614e+02	3.771e+04	1.942e+02	4.236e+04	2.058e+02	4.110e+04	2.027e+02	4.722e+04	2.173e+02	5.733e+04	2.394e+02	1.847e+04	1.359e+02	5.078e+04	2.253e+02	3.195e+04	1.788e+02	2.967e+04	1.723e+02	3.222e+04	1.795e+02
16	9.448e+03	9.720e+01	1.594e+04	1.263e+02	5.570e+04	2.360e+02	3.301e+04	1.817e+02	3.208e+04	1.791e+02	2.590e+04	1.609e+02	3.720e+04	1.929e+02	4.163e+04	2.040e+02	4.188e+04	2.046e+02	4.688e+04	2.165e+02	5.757e+04	2.399e+02	1.886e+04	1.373e+02	5.059e+04	2.249e+02	3.254e+04	1.804e+02	2.955e+04	1.719e+02	3.177e+04	1.782e+02
17	9.775e+03	9.887e+01	1.616e+04	1.271e+02	5.628e+04	2.372e+02	3.345e+04	1.829e+02	3.265e+04	1.807e+02	2.734e+04	1.653e+02	3.843e+04	1.960e+02	4.294e+04	2.072e+02	4.235e+04	2.058e+02	4.813e+04	2.194e+02	5.865e+04	2.422e+02	1.866e+04	1.366e+02	5.213e+04	2.283e+02	3.216e+04	1.793e+02	2.981e+04	1.727e+02	3.292e+04	1.814e+02
18	9.713e+03	9.855e+01	1.607e+04	1.268e+02	5.630e+04	2.373e+02	3.364e+04	1.834e+02	3.295e+04	1.815e+02	2.637e+04	1.624e+02	3.786e+04	1.946e+02	4.224e+04	2.055e+02	4.250e+04	2.062e+02	4.811e+04	2.193e+02	5.873e+04	2.423e+02	1.899e+04	1.378e+02	5.205e+04	2.281e+02	3.255e+04	1.804e+02	3.024e+04	1.739e+02	3.231e+04	1.798e+02
19	9.602e+03	9.799e+01	1.610e+04	1.269e+02	5.721e+04	2.392e+02	3.405e+04	1.845e+02	3.348e+04	1.830e+02	2.682e+04	1.638e+02	3.843e+04	1.960e+02	4.257e+04	2.063e+02	4.350e+04	2.086e+02	4.792e+04	2.189e+02	5.921e+04	2.433e+02	1.912e+04	1.383e+02	5.282e+04	2.298e+02	3.243e+04	1.801e+02	3.062e+04	1.750e+02	3.271e+04	1.809e+02
20	9.741e+03	9.870e+01	1.652e+04	1.285e+02	5.808e+04	2.410e+02	3.454e+04	1.859e+02	3.382e+04	1.839e+02	2.712e+04	1.647e+02	3.865e+04	1.966e+02	4.327e+04	2.080e+02	4.415e+04	2.101e+02	4.823e+04	2.196e+02	5.953e+04	2.440e+02	1.983e+04	1.408e+02	5.328e+04	2.308e+02	3.353e+04	1.831e+02	3.085e+04	1.756e+02	3.344e+04	1.829e+02
21	1.026e+04	1.013e+02	1.672e+04	1.293e+02	5.895e+04	2.428e+02	3.480e+04	1.866e+02	3.395e+04	1.843e+02	2.824e+04	1.681e+02	3.970e+04	1.993e+02	4.454e+04	2.111e+02	4.406e+04	2.099e+02	4.958e+04	2.227e+02	6.055e+04	2.461e+02	1.990e+04	1.411e+02	5.476e+04	2.340e+02	3.363e+04	1.834e+02	3.125e+04	1.768e+02	3.378e+04	1.838e+02
22	1.003e+04	1.001e+02	1.677e+04	1.295e+02	5.946e+04	2.438e+02	3.521e+04	1.877e+02	3.472e+04	1.863e+02	2.794e+04	1.671e+02	4.001e+04	2.000e+02	4.424e+04	2.103e+02	4.498e+04	2.121e+02	5.024e+04	2.241e+02	6.063e+04	2.462e+02	2.029e+04	1.425e+02	5.539e+04	2.354e+02	3.402e+04	1.844e+02	3.217e+04	1.794e+02	3.438e+04	1.854e+02
23	1.058e+04	1.028e+02	1.716e+04	1.310e+02	5.996e+04	2.449e+02	3.558e+04	1.886e+02	3.490e+04	1.868e+02	2.812e+04	1.677e+02	3.997e+04	1.999e+02	4.404e+04	2.099e+02	4.580e+04	2.140e+02	5.040e+04	2.245e+02	6.162e+04	2.482e+02	2.051e+04	1.432e+02	5.576e+04	2.361e+02	3.445e+04	1.856e+02	3.183e+04	1.784e+02	3.465e+04	1.861e+02
24	1.077e+04	1.038e+02	1.751e+04	1.323e+02	6.091e+04	2.468e+02	3.595e+04	1.896e+02	3.507e+04	1.873e+02	2.851e+04	1.688e+02	4.041e+04	2.010e+02	4.504e+04	2.122e+02	4.676e+04	2.162e+02	5.114e+04	2.261e+02	6.269e+04	2.504e+02	2.081e+04	1.443e+02	5.636e+04	2.374e+02	3.506e+04	1.873e+02	3.280e+04	1.811e+02	3.558e+04	1.886e+02
25	1.074e+04	1.036e+02	1.741e+04	1.320e+02	6.158e+04	2.481e+02	3.622e+04	1.903e+02	3.554e+04	1.885e+02	2.877e+04	1.696e+02	4.026e+04	2.006e+02	4.487e+04	2.118e+02	4.675e+04	2.162e+02	5.098e+04	2.258e+02	6.254e+04	2.501e+02	2.089e+04	1.445e+02	5.691e+04	2.386e+02	3.556e+04	1.886e+02	3.275e+04	1.810e+02	3.538e+04	1.881e+02
