# /Users/nicolettemeyer/Documents/Dekas_Lab_Work/Hot2Cold/nanoSIMS_September_2021/20210907_Std2_3/: (12C15N/(12C14N+12C15N))*100
# cell	MEAN1	Poiss_E1	MEAN2	Poiss_E2	MEAN3	Poiss_E3	MEAN4	Poiss_E4	MEAN5	Poiss_E5
# plane	POL=0		POL=0		POL=0		POL=0		POL=0	
1	2.847e-01	2.015e-01	0.000e+00	0.000e+00	0.000e+00	0.000e+00	2.421e-01	2.423e-01	0.000e+00	0.000e+00
2	3.717e-01	2.353e-01	1.473e-01	2.084e-01	9.868e-01	8.078e-01	3.333e-01	2.724e-01	6.024e-01	6.033e-01
3	3.353e-01	2.123e-01	3.300e-01	3.303e-01	3.096e-01	4.382e-01	3.233e-01	2.642e-01	0.000e+00	0.000e+00
4	3.289e-01	2.082e-01	1.656e-01	2.342e-01	0.000e+00	0.000e+00	6.166e-01	3.566e-01	0.000e+00	0.000e+00
5	6.347e-01	2.997e-01	1.821e-01	2.577e-01	5.208e-01	5.215e-01	1.091e-01	1.543e-01	4.090e-01	4.094e-01
6	2.719e-01	1.924e-01	1.957e-01	2.769e-01	1.078e+00	7.645e-01	3.326e-01	2.718e-01	6.637e-01	5.428e-01
7	2.717e-01	1.923e-01	0.000e+00	0.000e+00	2.770e-01	3.920e-01	0.000e+00	0.000e+00	2.404e-01	3.402e-01
8	2.915e-01	2.063e-01	5.988e-01	4.897e-01	7.481e-01	6.120e-01	3.421e-01	2.795e-01	2.193e-01	3.103e-01
9	3.340e-01	2.114e-01	3.883e-01	3.887e-01	1.912e-01	2.705e-01	3.264e-01	2.668e-01	0.000e+00	0.000e+00
10	4.357e-01	2.518e-01	4.115e-01	4.119e-01	4.706e-01	4.711e-01	1.157e-01	1.637e-01	2.410e-01	3.410e-01
11	1.466e-01	1.467e-01	2.119e-01	2.998e-01	0.000e+00	0.000e+00	2.162e-01	2.163e-01	2.119e-01	2.998e-01
12	1.372e-01	1.372e-01	2.105e-01	2.979e-01	4.357e-01	4.362e-01	3.254e-01	2.659e-01	9.852e-01	6.984e-01
13	4.881e-01	2.612e-01	1.908e-01	2.700e-01	0.000e+00	0.000e+00	4.860e-01	3.441e-01	0.000e+00	0.000e+00
14	4.412e-01	2.550e-01	0.000e+00	0.000e+00	2.079e-01	2.942e-01	2.116e-01	2.118e-01	2.370e-01	3.353e-01
15	2.821e-01	1.996e-01	2.020e-01	2.858e-01	4.255e-01	4.260e-01	2.232e-01	2.233e-01	7.653e-01	6.261e-01
16	4.655e-01	2.691e-01	0.000e+00	0.000e+00	2.500e-01	3.538e-01	1.033e-01	1.461e-01	2.463e-01	3.485e-01
17	3.837e-01	2.429e-01	0.000e+00	0.000e+00	6.579e-01	5.381e-01	3.236e-01	2.645e-01	8.451e-01	6.915e-01
18	2.262e-01	1.848e-01	0.000e+00	0.000e+00	7.143e-01	5.843e-01	3.250e-01	2.656e-01	5.698e-01	5.706e-01
19	3.768e-01	2.385e-01	2.049e-01	2.899e-01	4.785e-01	4.790e-01	1.060e-01	1.500e-01	2.950e-01	4.175e-01
20	3.968e-01	2.512e-01	4.167e-01	4.171e-01	2.513e-01	3.556e-01	0.000e+00	0.000e+00	5.277e-01	5.284e-01
21	2.447e-01	1.999e-01	6.369e-01	5.209e-01	0.000e+00	0.000e+00	9.677e-01	4.573e-01	3.030e-01	4.289e-01
22	2.433e-01	1.988e-01	4.525e-01	4.530e-01	2.427e-01	3.435e-01	4.386e-01	3.105e-01	2.890e-01	4.090e-01
23	4.633e-01	2.678e-01	2.045e-01	2.894e-01	2.421e-01	3.426e-01	5.612e-01	3.554e-01	0.000e+00	0.000e+00
24	3.934e-01	2.490e-01	2.160e-01	3.056e-01	7.500e-01	6.135e-01	2.203e-01	2.204e-01	3.205e-01	4.536e-01
25	8.091e-02	1.144e-01	2.137e-01	3.023e-01	2.268e-01	3.209e-01	2.370e-01	2.371e-01	3.472e-01	4.915e-01
26	6.431e-01	3.221e-01	5.882e-01	4.810e-01	9.174e-01	6.502e-01	3.525e-01	2.881e-01	7.326e-01	7.340e-01
27	3.962e-01	2.508e-01	4.329e-01	4.334e-01	4.405e-01	4.410e-01	2.430e-01	2.432e-01	0.000e+00	0.000e+00
28	3.390e-01	2.399e-01	2.208e-01	3.124e-01	4.662e-01	4.667e-01	2.404e-01	2.405e-01	3.831e-01	5.424e-01
29	1.681e-01	1.681e-01	0.000e+00	0.000e+00	4.348e-01	4.353e-01	1.229e-01	1.738e-01	0.000e+00	0.000e+00
30	4.244e-01	2.687e-01	4.193e-01	4.197e-01	9.050e-01	6.414e-01	5.242e-01	3.712e-01	1.068e+00	8.741e-01
31	1.647e-01	1.648e-01	4.264e-01	4.269e-01	0.000e+00	0.000e+00	2.442e-01	2.443e-01	0.000e+00	0.000e+00
32	8.489e-02	1.201e-01	2.114e-01	2.991e-01	0.000e+00	0.000e+00	0.000e+00	0.000e+00	3.472e-01	4.915e-01
33	2.796e-01	2.284e-01	6.834e-01	5.589e-01	7.407e-01	6.059e-01	4.032e-01	3.296e-01	0.000e+00	0.000e+00
34	3.509e-01	2.483e-01	2.083e-01	2.948e-01	3.992e-01	3.996e-01	6.605e-01	4.184e-01	0.000e+00	0.000e+00
35	3.906e-01	2.765e-01	6.818e-01	5.577e-01	0.000e+00	0.000e+00	3.989e-01	3.261e-01	3.953e-01	5.595e-01
36	2.667e-01	2.179e-01	4.608e-01	4.614e-01	0.000e+00	0.000e+00	5.333e-01	3.776e-01	3.984e-01	5.640e-01
37	3.728e-01	2.638e-01	7.229e-01	5.913e-01	4.057e-01	4.061e-01	1.305e-01	1.847e-01	4.065e-01	5.755e-01
38	8.913e-02	1.261e-01	4.357e-01	4.362e-01	8.230e-01	5.832e-01	0.000e+00	0.000e+00	0.000e+00	0.000e+00
39	2.757e-01	2.253e-01	2.212e-01	3.131e-01	4.283e-01	4.287e-01	4.172e-01	3.410e-01	3.906e-01	5.530e-01
40	2.037e-01	2.038e-01	1.182e+00	7.498e-01	2.331e-01	3.298e-01	2.954e-01	2.956e-01	8.772e-01	8.791e-01
41	5.149e-01	3.261e-01	5.038e-01	5.044e-01	6.369e-01	5.209e-01	4.399e-01	3.596e-01	1.250e+00	1.024e+00
42	1.994e-01	1.995e-01	7.353e-01	6.015e-01	2.336e-01	3.306e-01	5.908e-01	4.184e-01	0.000e+00	0.000e+00
43	3.109e-01	2.540e-01	5.618e-01	5.626e-01	4.283e-01	4.287e-01	3.155e-01	3.157e-01	0.000e+00	0.000e+00
44	4.215e-01	2.984e-01	4.926e-01	4.932e-01	0.000e+00	0.000e+00	1.580e-01	2.235e-01	4.673e-01	6.616e-01
45	1.914e-01	1.915e-01	9.639e-01	6.832e-01	2.092e-01	2.960e-01	1.534e-01	2.170e-01	8.032e-01	8.048e-01
46	4.912e-01	3.110e-01	7.212e-01	5.899e-01	0.000e+00	0.000e+00	0.000e+00	0.000e+00	0.000e+00	0.000e+00
47	4.274e-01	3.025e-01	2.762e-01	3.909e-01	4.090e-01	4.094e-01	3.185e-01	3.187e-01	0.000e+00	0.000e+00
48	3.226e-01	2.636e-01	6.079e-01	6.088e-01	2.237e-01	3.166e-01	1.546e-01	2.187e-01	4.132e-01	5.850e-01
49	7.345e-01	3.933e-01	5.634e-01	5.642e-01	8.677e-01	6.149e-01	3.200e-01	3.203e-01	8.547e-01	8.565e-01
50	2.151e-01	2.152e-01	3.367e-01	4.766e-01	4.566e-01	4.571e-01	3.155e-01	3.157e-01	0.000e+00	0.000e+00
51	1.109e-01	1.568e-01	6.289e-01	6.299e-01	8.547e-01	6.057e-01	1.610e-01	2.278e-01	5.025e-01	7.116e-01
52	4.796e-01	3.395e-01	0.000e+00	0.000e+00	2.079e-01	2.942e-01	6.656e-01	4.714e-01	4.484e-01	6.349e-01
53	3.517e-01	2.874e-01	5.780e-01	5.789e-01	4.587e-01	4.592e-01	0.000e+00	0.000e+00	5.025e-01	7.116e-01
54	4.582e-01	3.244e-01	6.667e-01	6.678e-01	2.320e-01	3.283e-01	5.208e-01	4.258e-01	5.435e-01	7.696e-01
55	2.378e-01	2.380e-01	3.425e-01	4.847e-01	0.000e+00	0.000e+00	2.959e-01	2.961e-01	9.050e-01	9.070e-01
56	3.764e-01	3.076e-01	0.000e+00	0.000e+00	0.000e+00	0.000e+00	1.901e-01	2.690e-01	5.682e-01	8.047e-01
57	2.334e-01	2.335e-01	3.367e-01	4.766e-01	2.427e-01	3.435e-01	1.832e-01	2.591e-01	5.102e-01	7.225e-01
58	6.313e-01	3.999e-01	0.000e+00	0.000e+00	4.464e-01	4.469e-01	5.181e-01	4.236e-01	0.000e+00	0.000e+00
