# /Users/nicolettemeyer/Documents/Dekas_Lab_Work/Hot2Cold/nanoSIMS_September_2021/20210907_Std2_3/: 12C
# cell	MEAN1	Poiss_E1	MEAN2	Poiss_E2	MEAN3	Poiss_E3	MEAN4	Poiss_E4	MEAN5	Poiss_E5
# plane	POL=2		POL=2		POL=1		POL=2		POL=1	
1	7.600e+01	8.718e+00	2.200e+01	4.690e+00	2.400e+01	4.899e+00	7.500e+01	8.660e+00	2.500e+01	5.000e+00
2	6.600e+01	8.124e+00	3.200e+01	5.657e+00	2.200e+01	4.690e+00	6.400e+01	8.000e+00	1.700e+01	4.123e+00
3	8.600e+01	9.274e+00	2.500e+01	5.000e+00	2.400e+01	4.899e+00	7.300e+01	8.544e+00	2.000e+01	4.472e+00
4	8.500e+01	9.220e+00	3.600e+01	6.000e+00	2.700e+01	5.196e+00	8.000e+01	8.944e+00	3.100e+01	5.568e+00
5	7.400e+01	8.602e+00	3.700e+01	6.083e+00	3.700e+01	6.083e+00	9.900e+01	9.950e+00	2.200e+01	4.690e+00
6	8.700e+01	9.327e+00	3.700e+01	6.083e+00	4.900e+01	7.000e+00	8.500e+01	9.220e+00	2.500e+01	5.000e+00
7	9.500e+01	9.747e+00	3.900e+01	6.245e+00	4.700e+01	6.856e+00	8.700e+01	9.327e+00	3.600e+01	6.000e+00
8	8.100e+01	9.000e+00	3.100e+01	5.568e+00	4.400e+01	6.633e+00	7.600e+01	8.718e+00	4.500e+01	6.708e+00
9	1.000e+02	1.000e+01	3.100e+01	5.568e+00	5.600e+01	7.483e+00	8.200e+01	9.055e+00	3.900e+01	6.245e+00
10	1.260e+02	1.122e+01	2.900e+01	5.385e+00	5.300e+01	7.280e+00	9.800e+01	9.899e+00	3.300e+01	5.745e+00
11	1.160e+02	1.077e+01	3.500e+01	5.916e+00	5.500e+01	7.416e+00	1.060e+02	1.030e+01	5.100e+01	7.141e+00
12	1.070e+02	1.034e+01	3.500e+01	5.916e+00	5.400e+01	7.348e+00	1.040e+02	1.020e+01	5.000e+01	7.071e+00
13	1.260e+02	1.122e+01	4.500e+01	6.708e+00	7.600e+01	8.718e+00	1.140e+02	1.068e+01	4.300e+01	6.557e+00
14	1.350e+02	1.162e+01	5.200e+01	7.211e+00	7.900e+01	8.888e+00	1.420e+02	1.192e+01	2.800e+01	5.292e+00
15	1.360e+02	1.166e+01	4.300e+01	6.557e+00	5.900e+01	7.681e+00	1.470e+02	1.212e+01	5.100e+01	7.141e+00
16	1.590e+02	1.261e+01	5.500e+01	7.416e+00	6.500e+01	8.062e+00	1.460e+02	1.208e+01	3.000e+01	5.477e+00
17	1.480e+02	1.217e+01	5.000e+01	7.071e+00	6.800e+01	8.246e+00	1.450e+02	1.204e+01	4.800e+01	6.928e+00
18	1.790e+02	1.338e+01	5.900e+01	7.681e+00	7.400e+01	8.602e+00	1.650e+02	1.285e+01	5.400e+01	7.348e+00
19	1.850e+02	1.360e+01	6.200e+01	7.874e+00	7.800e+01	8.832e+00	1.710e+02	1.308e+01	4.800e+01	6.928e+00
20	1.800e+02	1.342e+01	5.500e+01	7.416e+00	8.000e+01	8.944e+00	1.600e+02	1.265e+01	4.700e+01	6.856e+00
21	1.870e+02	1.367e+01	9.000e+01	9.487e+00	7.800e+01	8.832e+00	1.830e+02	1.353e+01	5.100e+01	7.141e+00
22	1.940e+02	1.393e+01	7.300e+01	8.544e+00	7.600e+01	8.718e+00	1.980e+02	1.407e+01	5.500e+01	7.416e+00
23	2.400e+02	1.549e+01	7.900e+01	8.888e+00	7.000e+01	8.367e+00	1.940e+02	1.393e+01	6.900e+01	8.307e+00
24	2.200e+02	1.483e+01	1.070e+02	1.034e+01	1.070e+02	1.034e+01	1.940e+02	1.393e+01	4.000e+01	6.325e+00
25	2.360e+02	1.536e+01	9.900e+01	9.950e+00	8.000e+01	8.944e+00	2.370e+02	1.539e+01	3.300e+01	5.745e+00
26	2.610e+02	1.616e+01	1.080e+02	1.039e+01	1.010e+02	1.005e+01	2.450e+02	1.565e+01	4.900e+01	7.000e+00
27	2.760e+02	1.661e+01	1.240e+02	1.114e+01	1.080e+02	1.039e+01	2.790e+02	1.670e+01	5.400e+01	7.348e+00
28	2.520e+02	1.587e+01	1.460e+02	1.208e+01	1.110e+02	1.054e+01	2.820e+02	1.679e+01	6.000e+01	7.746e+00
29	3.080e+02	1.755e+01	1.550e+02	1.245e+01	9.500e+01	9.747e+00	2.680e+02	1.637e+01	6.200e+01	7.874e+00
30	3.370e+02	1.836e+01	1.670e+02	1.292e+01	1.140e+02	1.068e+01	3.000e+02	1.732e+01	8.000e+01	8.944e+00
31	3.460e+02	1.860e+01	1.720e+02	1.311e+01	1.240e+02	1.114e+01	3.210e+02	1.792e+01	7.000e+01	8.367e+00
32	4.160e+02	2.040e+01	1.990e+02	1.411e+01	1.420e+02	1.192e+01	3.200e+02	1.789e+01	7.800e+01	8.832e+00
33	4.050e+02	2.012e+01	1.740e+02	1.319e+01	9.500e+01	9.747e+00	3.610e+02	1.900e+01	7.700e+01	8.775e+00
34	4.020e+02	2.005e+01	1.840e+02	1.356e+01	1.510e+02	1.229e+01	3.540e+02	1.881e+01	7.000e+01	8.367e+00
35	4.290e+02	2.071e+01	2.070e+02	1.439e+01	1.300e+02	1.140e+01	3.800e+02	1.949e+01	7.100e+01	8.426e+00
36	4.700e+02	2.168e+01	2.280e+02	1.510e+01	1.670e+02	1.292e+01	4.360e+02	2.088e+01	9.900e+01	9.950e+00
37	5.040e+02	2.245e+01	2.810e+02	1.676e+01	1.920e+02	1.386e+01	4.530e+02	2.128e+01	7.700e+01	8.775e+00
38	5.220e+02	2.285e+01	3.010e+02	1.735e+01	2.060e+02	1.435e+01	4.650e+02	2.156e+01	8.700e+01	9.327e+00
39	6.290e+02	2.508e+01	3.050e+02	1.746e+01	2.100e+02	1.449e+01	4.860e+02	2.205e+01	9.500e+01	9.747e+00
40	5.920e+02	2.433e+01	2.990e+02	1.729e+01	1.790e+02	1.338e+01	5.220e+02	2.285e+01	1.020e+02	1.010e+01
41	7.160e+02	2.676e+01	3.430e+02	1.852e+01	1.860e+02	1.364e+01	5.630e+02	2.373e+01	1.010e+02	1.005e+01
42	6.840e+02	2.615e+01	3.110e+02	1.764e+01	2.080e+02	1.442e+01	6.030e+02	2.456e+01	9.300e+01	9.644e+00
43	6.970e+02	2.640e+01	3.790e+02	1.947e+01	2.170e+02	1.473e+01	6.290e+02	2.508e+01	9.600e+01	9.798e+00
44	7.540e+02	2.746e+01	3.910e+02	1.977e+01	2.050e+02	1.432e+01	6.760e+02	2.600e+01	1.690e+02	1.300e+01
45	7.910e+02	2.812e+01	4.080e+02	2.020e+01	2.300e+02	1.517e+01	7.120e+02	2.668e+01	1.770e+02	1.330e+01
46	8.560e+02	2.926e+01	4.700e+02	2.168e+01	2.890e+02	1.700e+01	7.530e+02	2.744e+01	1.440e+02	1.200e+01
47	8.540e+02	2.922e+01	4.920e+02	2.218e+01	2.710e+02	1.646e+01	7.800e+02	2.793e+01	1.370e+02	1.170e+01
48	9.340e+02	3.056e+01	4.680e+02	2.163e+01	3.780e+02	1.944e+01	7.690e+02	2.773e+01	1.260e+02	1.122e+01
49	9.610e+02	3.100e+01	5.360e+02	2.315e+01	3.600e+02	1.897e+01	8.330e+02	2.886e+01	1.350e+02	1.162e+01
50	9.600e+02	3.098e+01	5.470e+02	2.339e+01	3.720e+02	1.929e+01	8.380e+02	2.895e+01	1.580e+02	1.257e+01
51	1.079e+03	3.285e+01	5.530e+02	2.352e+01	3.260e+02	1.806e+01	9.410e+02	3.068e+01	1.630e+02	1.277e+01
52	1.063e+03	3.260e+01	5.920e+02	2.433e+01	3.840e+02	1.960e+01	9.130e+02	3.022e+01	1.610e+02	1.269e+01
53	1.190e+03	3.450e+01	6.170e+02	2.484e+01	2.710e+02	1.646e+01	1.049e+03	3.239e+01	2.450e+02	1.565e+01
54	1.184e+03	3.441e+01	6.380e+02	2.526e+01	3.880e+02	1.970e+01	1.037e+03	3.220e+01	1.780e+02	1.334e+01
55	1.244e+03	3.527e+01	8.280e+02	2.877e+01	6.090e+02	2.468e+01	1.055e+03	3.248e+01	1.720e+02	1.311e+01
56	1.309e+03	3.618e+01	6.570e+02	2.563e+01	3.100e+02	1.761e+01	1.130e+03	3.362e+01	2.850e+02	1.688e+01
57	1.286e+03	3.586e+01	7.150e+02	2.674e+01	4.300e+02	2.074e+01	1.122e+03	3.350e+01	2.000e+02	1.414e+01
58	1.318e+03	3.630e+01	7.220e+02	2.687e+01	4.180e+02	2.045e+01	1.128e+03	3.359e+01	2.180e+02	1.476e+01
