# /Users/nicolettemeyer/Documents/Dekas_Lab_Work/Hot2Cold/nanoSIMS_September_2021/20210907_Std2_3/: 12C14N
# cell	MEAN1	Poiss_E1	MEAN2	Poiss_E2	MEAN3	Poiss_E3	MEAN4	Poiss_E4	MEAN5	Poiss_E5
# plane	POL=1		POL=4		POL=4		POL=3		POL=4	
1	1.401e+03	3.743e+01	6.300e+02	2.510e+01	3.430e+02	1.852e+01	8.240e+02	2.871e+01	3.300e+02	1.817e+01
2	1.340e+03	3.661e+01	6.780e+02	2.604e+01	3.010e+02	1.735e+01	8.970e+02	2.995e+01	3.300e+02	1.817e+01
3	1.486e+03	3.855e+01	6.040e+02	2.458e+01	3.220e+02	1.794e+01	9.250e+02	3.041e+01	4.040e+02	2.010e+01
4	1.515e+03	3.892e+01	6.030e+02	2.456e+01	3.410e+02	1.847e+01	9.670e+02	3.110e+01	4.690e+02	2.166e+01
5	1.409e+03	3.754e+01	5.480e+02	2.341e+01	3.820e+02	1.954e+01	9.160e+02	3.027e+01	4.870e+02	2.207e+01
6	1.467e+03	3.830e+01	5.100e+02	2.258e+01	3.670e+02	1.916e+01	8.990e+02	2.998e+01	4.490e+02	2.119e+01
7	1.468e+03	3.831e+01	5.080e+02	2.254e+01	3.600e+02	1.897e+01	8.640e+02	2.939e+01	4.150e+02	2.037e+01
8	1.368e+03	3.699e+01	4.980e+02	2.232e+01	3.980e+02	1.995e+01	8.740e+02	2.956e+01	4.550e+02	2.133e+01
9	1.492e+03	3.863e+01	5.130e+02	2.265e+01	5.220e+02	2.285e+01	9.160e+02	3.027e+01	4.220e+02	2.054e+01
10	1.371e+03	3.703e+01	4.840e+02	2.200e+01	4.230e+02	2.057e+01	8.630e+02	2.938e+01	4.140e+02	2.035e+01
11	1.362e+03	3.691e+01	4.710e+02	2.170e+01	4.390e+02	2.095e+01	9.230e+02	3.038e+01	4.710e+02	2.170e+01
12	1.456e+03	3.816e+01	4.740e+02	2.177e+01	4.570e+02	2.138e+01	9.190e+02	3.032e+01	4.020e+02	2.005e+01
13	1.427e+03	3.778e+01	5.230e+02	2.287e+01	4.530e+02	2.128e+01	8.190e+02	2.862e+01	4.050e+02	2.012e+01
14	1.354e+03	3.680e+01	4.570e+02	2.138e+01	4.800e+02	2.191e+01	9.430e+02	3.071e+01	4.210e+02	2.052e+01
15	1.414e+03	3.760e+01	4.940e+02	2.223e+01	4.680e+02	2.163e+01	8.940e+02	2.990e+01	3.890e+02	1.972e+01
16	1.283e+03	3.582e+01	4.450e+02	2.110e+01	3.990e+02	1.997e+01	9.670e+02	3.110e+01	4.050e+02	2.012e+01
17	1.298e+03	3.603e+01	4.590e+02	2.142e+01	4.530e+02	2.128e+01	9.240e+02	3.040e+01	3.520e+02	1.876e+01
18	1.323e+03	3.637e+01	4.540e+02	2.131e+01	4.170e+02	2.042e+01	9.200e+02	3.033e+01	3.490e+02	1.868e+01
19	1.322e+03	3.636e+01	4.870e+02	2.207e+01	4.160e+02	2.040e+01	9.420e+02	3.069e+01	3.380e+02	1.838e+01
20	1.255e+03	3.543e+01	4.780e+02	2.186e+01	3.970e+02	1.992e+01	8.890e+02	2.982e+01	3.770e+02	1.942e+01
21	1.223e+03	3.497e+01	4.680e+02	2.163e+01	3.990e+02	1.997e+01	9.210e+02	3.035e+01	3.290e+02	1.814e+01
22	1.230e+03	3.507e+01	4.400e+02	2.098e+01	4.110e+02	2.027e+01	9.080e+02	3.013e+01	3.450e+02	1.857e+01
23	1.289e+03	3.590e+01	4.880e+02	2.209e+01	4.120e+02	2.030e+01	8.860e+02	2.977e+01	3.140e+02	1.772e+01
24	1.266e+03	3.558e+01	4.620e+02	2.149e+01	3.970e+02	1.992e+01	9.060e+02	3.010e+01	3.110e+02	1.764e+01
25	1.235e+03	3.514e+01	4.670e+02	2.161e+01	4.400e+02	2.098e+01	8.420e+02	2.902e+01	2.870e+02	1.694e+01
26	1.236e+03	3.516e+01	5.070e+02	2.252e+01	4.320e+02	2.078e+01	8.480e+02	2.912e+01	2.710e+02	1.646e+01
27	1.257e+03	3.545e+01	4.600e+02	2.145e+01	4.520e+02	2.126e+01	8.210e+02	2.865e+01	2.740e+02	1.655e+01
28	1.176e+03	3.429e+01	4.520e+02	2.126e+01	4.270e+02	2.066e+01	8.300e+02	2.881e+01	2.600e+02	1.612e+01
29	1.188e+03	3.447e+01	4.720e+02	2.173e+01	4.580e+02	2.140e+01	8.130e+02	2.851e+01	2.740e+02	1.655e+01
30	1.173e+03	3.425e+01	4.750e+02	2.179e+01	4.380e+02	2.093e+01	7.590e+02	2.755e+01	2.780e+02	1.667e+01
31	1.212e+03	3.481e+01	4.670e+02	2.161e+01	4.690e+02	2.166e+01	8.170e+02	2.858e+01	2.690e+02	1.640e+01
32	1.177e+03	3.431e+01	4.720e+02	2.173e+01	4.480e+02	2.117e+01	8.390e+02	2.897e+01	2.870e+02	1.694e+01
33	1.070e+03	3.271e+01	4.360e+02	2.088e+01	4.020e+02	2.005e+01	7.410e+02	2.722e+01	2.380e+02	1.543e+01
34	1.136e+03	3.370e+01	4.790e+02	2.189e+01	4.990e+02	2.234e+01	7.520e+02	2.742e+01	2.350e+02	1.533e+01
35	1.020e+03	3.194e+01	4.370e+02	2.090e+01	3.980e+02	1.995e+01	7.490e+02	2.737e+01	2.520e+02	1.587e+01
36	1.122e+03	3.350e+01	4.320e+02	2.078e+01	4.370e+02	2.090e+01	7.460e+02	2.731e+01	2.500e+02	1.581e+01
37	1.069e+03	3.270e+01	4.120e+02	2.030e+01	4.910e+02	2.216e+01	7.650e+02	2.766e+01	2.450e+02	1.565e+01
38	1.121e+03	3.348e+01	4.570e+02	2.138e+01	4.820e+02	2.195e+01	7.300e+02	2.702e+01	2.760e+02	1.661e+01
39	1.085e+03	3.294e+01	4.510e+02	2.124e+01	4.650e+02	2.156e+01	7.160e+02	2.676e+01	2.550e+02	1.597e+01
40	9.800e+02	3.130e+01	4.180e+02	2.045e+01	4.280e+02	2.069e+01	6.750e+02	2.598e+01	2.260e+02	1.503e+01
41	9.660e+02	3.108e+01	3.950e+02	1.987e+01	4.680e+02	2.163e+01	6.790e+02	2.606e+01	2.370e+02	1.539e+01
42	1.001e+03	3.164e+01	4.050e+02	2.012e+01	4.270e+02	2.066e+01	6.730e+02	2.594e+01	2.500e+02	1.581e+01
43	9.620e+02	3.102e+01	3.540e+02	1.881e+01	4.650e+02	2.156e+01	6.320e+02	2.514e+01	2.500e+02	1.581e+01
44	9.450e+02	3.074e+01	4.040e+02	2.010e+01	4.370e+02	2.090e+01	6.320e+02	2.514e+01	2.130e+02	1.459e+01
45	1.043e+03	3.230e+01	4.110e+02	2.027e+01	4.770e+02	2.184e+01	6.510e+02	2.551e+01	2.470e+02	1.572e+01
46	1.013e+03	3.183e+01	4.130e+02	2.032e+01	4.780e+02	2.186e+01	6.580e+02	2.565e+01	2.230e+02	1.493e+01
47	9.320e+02	3.053e+01	3.610e+02	1.900e+01	4.870e+02	2.207e+01	6.260e+02	2.502e+01	2.240e+02	1.497e+01
48	9.270e+02	3.045e+01	3.270e+02	1.808e+01	4.460e+02	2.112e+01	6.460e+02	2.542e+01	2.410e+02	1.552e+01
49	9.460e+02	3.076e+01	3.530e+02	1.879e+01	4.570e+02	2.138e+01	6.230e+02	2.496e+01	2.320e+02	1.523e+01
50	9.280e+02	3.046e+01	2.960e+02	1.720e+01	4.360e+02	2.088e+01	6.320e+02	2.514e+01	2.350e+02	1.533e+01
51	9.010e+02	3.002e+01	3.160e+02	1.778e+01	4.640e+02	2.154e+01	6.200e+02	2.490e+01	1.980e+02	1.407e+01
52	8.300e+02	2.881e+01	3.590e+02	1.895e+01	4.800e+02	2.191e+01	5.970e+02	2.443e+01	2.220e+02	1.490e+01
53	8.500e+02	2.915e+01	3.440e+02	1.855e+01	4.340e+02	2.083e+01	5.890e+02	2.427e+01	1.980e+02	1.407e+01
54	8.690e+02	2.948e+01	2.980e+02	1.726e+01	4.300e+02	2.074e+01	5.730e+02	2.394e+01	1.830e+02	1.353e+01
55	8.390e+02	2.897e+01	2.910e+02	1.706e+01	4.320e+02	2.078e+01	6.740e+02	2.596e+01	2.190e+02	1.480e+01
56	7.940e+02	2.818e+01	3.130e+02	1.769e+01	3.920e+02	1.980e+01	5.250e+02	2.291e+01	1.750e+02	1.323e+01
57	8.550e+02	2.924e+01	2.960e+02	1.720e+01	4.110e+02	2.027e+01	5.450e+02	2.335e+01	1.950e+02	1.396e+01
58	7.870e+02	2.805e+01	3.230e+02	1.797e+01	4.460e+02	2.112e+01	5.760e+02	2.400e+01	2.060e+02	1.435e+01
