# /Users/nicolettemeyer/Documents/Dekas_Lab_Work/Hot2Cold/nanoSIMS_September_2021/20210907_Std2_3/: Esi
# cell	MEAN1	Poiss_E1	MEAN2	Poiss_E2	MEAN3	Poiss_E3	MEAN4	Poiss_E4	MEAN5	Poiss_E5
# plane	POL=2		POL=2		POL=2		POL=2		POL=2	
1	1.252e+04	1.119e+02	4.488e+03	6.699e+01	1.026e+04	1.013e+02	1.007e+04	1.004e+02	1.087e+04	1.042e+02
2	1.378e+04	1.174e+02	4.844e+03	6.960e+01	1.159e+04	1.077e+02	1.065e+04	1.032e+02	1.015e+04	1.008e+02
3	1.408e+04	1.187e+02	4.945e+03	7.032e+01	1.165e+04	1.079e+02	1.086e+04	1.042e+02	9.464e+03	9.728e+01
4	1.439e+04	1.200e+02	4.982e+03	7.058e+01	1.165e+04	1.079e+02	1.106e+04	1.052e+02	9.413e+03	9.702e+01
5	1.451e+04	1.205e+02	4.983e+03	7.059e+01	1.140e+04	1.068e+02	1.121e+04	1.059e+02	9.354e+03	9.672e+01
6	1.447e+04	1.203e+02	4.878e+03	6.984e+01	1.126e+04	1.061e+02	1.126e+04	1.061e+02	9.084e+03	9.531e+01
7	1.456e+04	1.207e+02	4.923e+03	7.016e+01	1.131e+04	1.063e+02	1.150e+04	1.072e+02	8.811e+03	9.387e+01
8	1.447e+04	1.203e+02	4.964e+03	7.046e+01	1.126e+04	1.061e+02	1.147e+04	1.071e+02	8.478e+03	9.208e+01
9	1.446e+04	1.203e+02	4.748e+03	6.891e+01	1.069e+04	1.034e+02	1.140e+04	1.068e+02	8.679e+03	9.316e+01
10	1.445e+04	1.202e+02	4.799e+03	6.927e+01	1.101e+04	1.049e+02	1.169e+04	1.081e+02	8.140e+03	9.022e+01
11	1.450e+04	1.204e+02	4.778e+03	6.912e+01	1.048e+04	1.024e+02	1.162e+04	1.078e+02	8.304e+03	9.113e+01
12	1.454e+04	1.206e+02	4.898e+03	6.999e+01	1.034e+04	1.017e+02	1.168e+04	1.081e+02	8.183e+03	9.046e+01
13	1.455e+04	1.206e+02	4.863e+03	6.974e+01	1.049e+04	1.024e+02	1.190e+04	1.091e+02	7.901e+03	8.889e+01
14	1.456e+04	1.207e+02	4.972e+03	7.051e+01	9.894e+03	9.947e+01	1.169e+04	1.081e+02	7.635e+03	8.738e+01
15	1.479e+04	1.216e+02	4.981e+03	7.058e+01	1.079e+04	1.039e+02	1.228e+04	1.108e+02	7.667e+03	8.756e+01
16	1.474e+04	1.214e+02	5.138e+03	7.168e+01	1.034e+04	1.017e+02	1.219e+04	1.104e+02	6.856e+03	8.280e+01
17	1.478e+04	1.216e+02	5.056e+03	7.111e+01	1.014e+04	1.007e+02	1.227e+04	1.108e+02	7.291e+03	8.539e+01
18	1.495e+04	1.223e+02	5.137e+03	7.167e+01	1.066e+04	1.033e+02	1.257e+04	1.121e+02	7.168e+03	8.466e+01
19	1.509e+04	1.228e+02	5.249e+03	7.245e+01	1.091e+04	1.044e+02	1.275e+04	1.129e+02	7.024e+03	8.381e+01
20	1.515e+04	1.231e+02	5.237e+03	7.237e+01	1.076e+04	1.038e+02	1.278e+04	1.130e+02	6.976e+03	8.352e+01
21	1.527e+04	1.236e+02	5.303e+03	7.282e+01	1.066e+04	1.033e+02	1.294e+04	1.137e+02	6.869e+03	8.288e+01
22	1.546e+04	1.243e+02	5.453e+03	7.384e+01	1.077e+04	1.038e+02	1.299e+04	1.140e+02	6.618e+03	8.135e+01
23	1.560e+04	1.249e+02	5.520e+03	7.430e+01	1.083e+04	1.041e+02	1.301e+04	1.140e+02	6.538e+03	8.086e+01
24	1.562e+04	1.250e+02	5.617e+03	7.495e+01	1.023e+04	1.011e+02	1.291e+04	1.136e+02	6.099e+03	7.810e+01
25	1.573e+04	1.254e+02	5.584e+03	7.473e+01	1.096e+04	1.047e+02	1.336e+04	1.156e+02	6.123e+03	7.825e+01
26	1.594e+04	1.263e+02	5.638e+03	7.509e+01	1.106e+04	1.052e+02	1.341e+04	1.158e+02	6.087e+03	7.802e+01
27	1.607e+04	1.268e+02	5.773e+03	7.598e+01	1.080e+04	1.039e+02	1.349e+04	1.161e+02	5.850e+03	7.649e+01
28	1.615e+04	1.271e+02	5.875e+03	7.665e+01	1.095e+04	1.047e+02	1.362e+04	1.167e+02	5.845e+03	7.645e+01
29	1.631e+04	1.277e+02	6.012e+03	7.754e+01	1.080e+04	1.039e+02	1.375e+04	1.172e+02	5.605e+03	7.487e+01
30	1.650e+04	1.285e+02	5.980e+03	7.733e+01	1.094e+04	1.046e+02	1.388e+04	1.178e+02	5.653e+03	7.519e+01
31	1.661e+04	1.289e+02	6.067e+03	7.789e+01	1.090e+04	1.044e+02	1.400e+04	1.183e+02	5.445e+03	7.379e+01
32	1.679e+04	1.296e+02	6.187e+03	7.866e+01	1.085e+04	1.042e+02	1.418e+04	1.191e+02	5.376e+03	7.332e+01
33	1.716e+04	1.310e+02	6.233e+03	7.895e+01	1.124e+04	1.060e+02	1.441e+04	1.201e+02	5.061e+03	7.114e+01
34	1.711e+04	1.308e+02	6.376e+03	7.985e+01	1.098e+04	1.048e+02	1.443e+04	1.201e+02	5.082e+03	7.129e+01
35	1.743e+04	1.320e+02	6.507e+03	8.067e+01	1.125e+04	1.061e+02	1.473e+04	1.214e+02	4.887e+03	6.991e+01
36	1.758e+04	1.326e+02	6.490e+03	8.056e+01	1.134e+04	1.065e+02	1.476e+04	1.215e+02	4.932e+03	7.023e+01
37	1.770e+04	1.330e+02	6.668e+03	8.166e+01	1.124e+04	1.060e+02	1.485e+04	1.219e+02	4.709e+03	6.862e+01
38	1.788e+04	1.337e+02	6.739e+03	8.209e+01	1.152e+04	1.073e+02	1.509e+04	1.228e+02	4.689e+03	6.848e+01
39	1.818e+04	1.348e+02	6.830e+03	8.264e+01	1.139e+04	1.067e+02	1.526e+04	1.235e+02	4.563e+03	6.755e+01
40	1.868e+04	1.367e+02	6.935e+03	8.328e+01	1.197e+04	1.094e+02	1.571e+04	1.253e+02	4.369e+03	6.610e+01
41	1.866e+04	1.366e+02	7.188e+03	8.478e+01	1.202e+04	1.096e+02	1.580e+04	1.257e+02	4.285e+03	6.546e+01
42	1.890e+04	1.375e+02	7.227e+03	8.501e+01	1.207e+04	1.099e+02	1.607e+04	1.268e+02	4.235e+03	6.508e+01
43	1.932e+04	1.390e+02	7.439e+03	8.625e+01	1.217e+04	1.103e+02	1.621e+04	1.273e+02	4.172e+03	6.459e+01
44	1.950e+04	1.396e+02	7.290e+03	8.538e+01	1.229e+04	1.109e+02	1.644e+04	1.282e+02	3.916e+03	6.258e+01
45	1.941e+04	1.393e+02	7.117e+03	8.436e+01	1.217e+04	1.103e+02	1.648e+04	1.284e+02	3.884e+03	6.232e+01
46	1.979e+04	1.407e+02	7.576e+03	8.704e+01	1.211e+04	1.100e+02	1.665e+04	1.291e+02	3.993e+03	6.319e+01
47	1.990e+04	1.411e+02	7.573e+03	8.702e+01	1.259e+04	1.122e+02	1.683e+04	1.297e+02	3.780e+03	6.148e+01
48	2.006e+04	1.416e+02	7.878e+03	8.876e+01	1.233e+04	1.110e+02	1.703e+04	1.305e+02	3.821e+03	6.181e+01
49	2.036e+04	1.427e+02	7.921e+03	8.900e+01	1.251e+04	1.119e+02	1.726e+04	1.314e+02	3.719e+03	6.098e+01
50	2.048e+04	1.431e+02	8.027e+03	8.959e+01	1.269e+04	1.127e+02	1.760e+04	1.326e+02	3.670e+03	6.058e+01
51	2.088e+04	1.445e+02	8.242e+03	9.079e+01	1.268e+04	1.126e+02	1.775e+04	1.332e+02	3.680e+03	6.066e+01
52	2.108e+04	1.452e+02	8.192e+03	9.051e+01	1.306e+04	1.143e+02	1.803e+04	1.343e+02	3.602e+03	6.002e+01
53	2.119e+04	1.456e+02	8.072e+03	8.984e+01	1.294e+04	1.137e+02	1.824e+04	1.351e+02	3.430e+03	5.857e+01
54	2.134e+04	1.461e+02	8.296e+03	9.108e+01	1.326e+04	1.152e+02	1.847e+04	1.359e+02	3.419e+03	5.847e+01
55	2.112e+04	1.453e+02	8.508e+03	9.224e+01	1.238e+04	1.113e+02	1.800e+04	1.342e+02	3.396e+03	5.828e+01
56	2.187e+04	1.479e+02	8.401e+03	9.166e+01	1.338e+04	1.157e+02	1.867e+04	1.366e+02	3.254e+03	5.704e+01
57	2.224e+04	1.491e+02	8.671e+03	9.312e+01	1.386e+04	1.177e+02	1.910e+04	1.382e+02	3.251e+03	5.702e+01
58	2.227e+04	1.492e+02	8.848e+03	9.406e+01	1.366e+04	1.169e+02	1.921e+04	1.386e+02	3.282e+03	5.729e+01
