# /Users/nicolettemeyer/Documents/Dekas_Lab_Work/Hot2Cold/nanoSIMS_September_2021/20210909_std2_1/: 12C2
# cell	MEAN1	Poiss_E1	MEAN2	Poiss_E2	MEAN3	Poiss_E3	MEAN4	Poiss_E4	MEAN5	Poiss_E5	MEAN6	Poiss_E6	MEAN7	Poiss_E7	MEAN8	Poiss_E8	MEAN9	Poiss_E9	MEAN10	Poiss_E10	MEAN11	Poiss_E11	MEAN12	Poiss_E12
# plane	POL=2		POL=3		POL=1		POL=2		POL=3		POL=1		POL=3		POL=3		POL=2		POL=2		POL=5		POL=1	
1	6.766e+03	8.226e+01	6.266e+03	7.916e+01	3.773e+03	6.142e+01	4.497e+03	6.706e+01	4.855e+03	6.968e+01	3.550e+02	1.884e+01	4.390e+02	2.095e+01	3.600e+02	1.897e+01	1.227e+03	3.503e+01	6.450e+02	2.540e+01	2.190e+02	1.480e+01	1.960e+02	1.400e+01
2	7.054e+03	8.399e+01	6.543e+03	8.089e+01	3.910e+03	6.253e+01	4.601e+03	6.783e+01	5.283e+03	7.268e+01	4.430e+02	2.105e+01	6.640e+02	2.577e+01	4.640e+02	2.154e+01	1.392e+03	3.731e+01	6.730e+02	2.594e+01	2.410e+02	1.552e+01	2.310e+02	1.520e+01
3	7.309e+03	8.549e+01	7.272e+03	8.528e+01	4.307e+03	6.563e+01	4.838e+03	6.956e+01	5.804e+03	7.618e+01	4.910e+02	2.216e+01	8.490e+02	2.914e+01	5.110e+02	2.261e+01	1.569e+03	3.961e+01	6.640e+02	2.577e+01	2.500e+02	1.581e+01	2.610e+02	1.616e+01
4	8.125e+03	9.014e+01	8.296e+03	9.108e+01	4.820e+03	6.943e+01	5.357e+03	7.319e+01	6.592e+03	8.119e+01	6.040e+02	2.458e+01	1.112e+03	3.335e+01	5.290e+02	2.300e+01	1.495e+03	3.867e+01	7.170e+02	2.678e+01	2.670e+02	1.634e+01	2.940e+02	1.715e+01
5	8.749e+03	9.354e+01	8.920e+03	9.445e+01	5.171e+03	7.191e+01	5.716e+03	7.560e+01	7.344e+03	8.570e+01	6.770e+02	2.602e+01	1.275e+03	3.571e+01	5.680e+02	2.383e+01	1.521e+03	3.900e+01	7.160e+02	2.676e+01	2.050e+02	1.432e+01	2.780e+02	1.667e+01
6	9.399e+03	9.695e+01	9.552e+03	9.773e+01	5.602e+03	7.485e+01	6.222e+03	7.888e+01	7.929e+03	8.904e+01	7.310e+02	2.704e+01	1.520e+03	3.899e+01	6.370e+02	2.524e+01	1.563e+03	3.953e+01	7.770e+02	2.787e+01	2.430e+02	1.559e+01	3.040e+02	1.744e+01
7	1.012e+04	1.006e+02	1.027e+04	1.013e+02	6.239e+03	7.899e+01	6.792e+03	8.241e+01	8.596e+03	9.271e+01	8.560e+02	2.926e+01	1.666e+03	4.082e+01	7.190e+02	2.681e+01	1.684e+03	4.104e+01	7.940e+02	2.818e+01	3.180e+02	1.783e+01	3.000e+02	1.732e+01
8	1.082e+04	1.040e+02	1.136e+04	1.066e+02	6.567e+03	8.104e+01	7.263e+03	8.522e+01	9.054e+03	9.515e+01	9.660e+02	3.108e+01	1.741e+03	4.173e+01	7.240e+02	2.691e+01	1.724e+03	4.152e+01	8.730e+02	2.955e+01	3.120e+02	1.766e+01	2.970e+02	1.723e+01
9	1.155e+04	1.075e+02	1.188e+04	1.090e+02	6.948e+03	8.335e+01	7.793e+03	8.828e+01	1.007e+04	1.003e+02	1.010e+03	3.178e+01	1.856e+03	4.308e+01	7.770e+02	2.787e+01	1.969e+03	4.437e+01	8.650e+02	2.941e+01	3.520e+02	1.876e+01	3.370e+02	1.836e+01
10	1.180e+04	1.086e+02	1.240e+04	1.113e+02	7.337e+03	8.566e+01	8.117e+03	9.009e+01	1.047e+04	1.023e+02	1.017e+03	3.189e+01	1.812e+03	4.257e+01	8.120e+02	2.850e+01	1.942e+03	4.407e+01	9.460e+02	3.076e+01	4.040e+02	2.010e+01	3.460e+02	1.860e+01
11	1.274e+04	1.129e+02	1.320e+04	1.149e+02	7.605e+03	8.721e+01	8.729e+03	9.343e+01	1.113e+04	1.055e+02	1.122e+03	3.350e+01	1.935e+03	4.399e+01	8.040e+02	2.835e+01	2.099e+03	4.581e+01	9.000e+02	3.000e+01	3.760e+02	1.939e+01	3.980e+02	1.995e+01
12	1.306e+04	1.143e+02	1.431e+04	1.196e+02	8.151e+03	9.028e+01	9.077e+03	9.527e+01	1.174e+04	1.083e+02	1.161e+03	3.407e+01	1.908e+03	4.368e+01	7.760e+02	2.786e+01	2.237e+03	4.730e+01	9.570e+02	3.094e+01	4.110e+02	2.027e+01	3.780e+02	1.944e+01
13	1.384e+04	1.177e+02	1.453e+04	1.205e+02	8.272e+03	9.095e+01	9.437e+03	9.714e+01	1.212e+04	1.101e+02	1.184e+03	3.441e+01	1.782e+03	4.221e+01	8.790e+02	2.965e+01	2.367e+03	4.865e+01	9.950e+02	3.154e+01	3.820e+02	1.954e+01	3.940e+02	1.985e+01
14	1.449e+04	1.204e+02	1.526e+04	1.235e+02	8.953e+03	9.462e+01	1.010e+04	1.005e+02	1.296e+04	1.138e+02	1.282e+03	3.581e+01	2.000e+03	4.472e+01	8.560e+02	2.926e+01	2.453e+03	4.953e+01	9.930e+02	3.151e+01	4.690e+02	2.166e+01	4.100e+02	2.025e+01
15	1.530e+04	1.237e+02	1.599e+04	1.265e+02	9.294e+03	9.641e+01	1.063e+04	1.031e+02	1.358e+04	1.166e+02	1.265e+03	3.557e+01	1.831e+03	4.279e+01	9.440e+02	3.072e+01	2.518e+03	5.018e+01	1.067e+03	3.266e+01	4.770e+02	2.184e+01	4.470e+02	2.114e+01
16	1.580e+04	1.257e+02	1.681e+04	1.296e+02	9.654e+03	9.825e+01	1.098e+04	1.048e+02	1.427e+04	1.194e+02	1.455e+03	3.814e+01	1.698e+03	4.121e+01	8.910e+02	2.985e+01	2.740e+03	5.235e+01	1.091e+03	3.303e+01	4.550e+02	2.133e+01	4.760e+02	2.182e+01
17	1.658e+04	1.287e+02	1.750e+04	1.323e+02	1.055e+04	1.027e+02	1.167e+04	1.080e+02	1.520e+04	1.233e+02	1.414e+03	3.760e+01	1.635e+03	4.044e+01	9.580e+02	3.095e+01	2.922e+03	5.406e+01	1.199e+03	3.463e+01	4.960e+02	2.227e+01	4.970e+02	2.229e+01
18	1.778e+04	1.333e+02	1.850e+04	1.360e+02	1.086e+04	1.042e+02	1.230e+04	1.109e+02	1.581e+04	1.257e+02	1.579e+03	3.974e+01	1.534e+03	3.917e+01	1.001e+03	3.164e+01	2.877e+03	5.364e+01	1.144e+03	3.382e+01	5.010e+02	2.238e+01	5.490e+02	2.343e+01
19	1.825e+04	1.351e+02	1.913e+04	1.383e+02	1.133e+04	1.064e+02	1.293e+04	1.137e+02	1.634e+04	1.278e+02	1.640e+03	4.050e+01	1.589e+03	3.986e+01	1.040e+03	3.225e+01	3.098e+03	5.566e+01	1.326e+03	3.641e+01	5.570e+02	2.360e+01	5.360e+02	2.315e+01
20	1.873e+04	1.369e+02	1.990e+04	1.411e+02	1.180e+04	1.086e+02	1.312e+04	1.145e+02	1.703e+04	1.305e+02	1.672e+03	4.089e+01	1.613e+03	4.016e+01	1.079e+03	3.285e+01	3.374e+03	5.809e+01	1.391e+03	3.730e+01	5.510e+02	2.347e+01	5.820e+02	2.412e+01
21	1.976e+04	1.406e+02	2.084e+04	1.444e+02	1.212e+04	1.101e+02	1.415e+04	1.189e+02	1.789e+04	1.338e+02	1.636e+03	4.045e+01	1.605e+03	4.006e+01	1.207e+03	3.474e+01	3.275e+03	5.723e+01	1.449e+03	3.807e+01	5.800e+02	2.408e+01	6.340e+02	2.518e+01
22	2.030e+04	1.425e+02	2.143e+04	1.464e+02	1.241e+04	1.114e+02	1.429e+04	1.195e+02	1.825e+04	1.351e+02	1.890e+03	4.347e+01	1.640e+03	4.050e+01	1.179e+03	3.434e+01	3.581e+03	5.984e+01	1.535e+03	3.918e+01	6.510e+02	2.551e+01	6.790e+02	2.606e+01
23	2.166e+04	1.472e+02	2.253e+04	1.501e+02	1.350e+04	1.162e+02	1.557e+04	1.248e+02	1.929e+04	1.389e+02	2.025e+03	4.500e+01	1.733e+03	4.163e+01	1.382e+03	3.718e+01	3.671e+03	6.059e+01	1.674e+03	4.091e+01	7.990e+02	2.827e+01	6.520e+02	2.553e+01
24	2.238e+04	1.496e+02	2.338e+04	1.529e+02	1.380e+04	1.175e+02	1.610e+04	1.269e+02	2.022e+04	1.422e+02	1.944e+03	4.409e+01	1.767e+03	4.204e+01	1.333e+03	3.651e+01	4.032e+03	6.350e+01	1.779e+03	4.218e+01	7.410e+02	2.722e+01	8.050e+02	2.837e+01
25	2.347e+04	1.532e+02	2.420e+04	1.556e+02	1.415e+04	1.190e+02	1.681e+04	1.297e+02	2.089e+04	1.445e+02	2.311e+03	4.807e+01	1.724e+03	4.152e+01	1.486e+03	3.855e+01	3.938e+03	6.275e+01	1.843e+03	4.293e+01	8.190e+02	2.862e+01	6.920e+02	2.631e+01
