# /Users/nicolettemeyer/Documents/Dekas_Lab_Work/Hot2Cold/nanoSIMS_September_2021/20210909_std2_1/: 13C/(12C+13C)*100
# cell	MEAN1	Poiss_E1	MEAN2	Poiss_E2	MEAN3	Poiss_E3	MEAN4	Poiss_E4	MEAN5	Poiss_E5	MEAN6	Poiss_E6	MEAN7	Poiss_E7	MEAN8	Poiss_E8	MEAN9	Poiss_E9	MEAN10	Poiss_E10	MEAN11	Poiss_E11	MEAN12	Poiss_E12
# plane	POL=0		POL=0		POL=0		POL=0		POL=0		POL=0		POL=0		POL=0		POL=0		POL=0		POL=0		POL=0	
1	1.038e+00	4.656e-01	5.405e-01	3.423e-01	4.107e-01	4.111e-01	7.299e-01	4.625e-01	6.154e-01	4.358e-01	0.000e+00	0.000e+00	0.000e+00	0.000e+00	1.961e+00	2.787e+00	2.128e+00	1.513e+00	1.282e+00	1.819e+00	0.000e+00	0.000e+00	0.000e+00	0.000e+00
2	7.883e-01	4.222e-01	8.526e-01	4.567e-01	4.717e-01	4.723e-01	6.601e-01	4.675e-01	1.783e+00	7.636e-01	2.128e+00	3.025e+00	2.381e+00	2.395e+00	0.000e+00	0.000e+00	5.000e-01	7.080e-01	2.410e+00	2.424e+00	0.000e+00	0.000e+00	0.000e+00	0.000e+00
3	6.985e-01	4.040e-01	1.220e+00	5.216e-01	4.338e-01	4.343e-01	1.592e+00	7.150e-01	4.566e-01	3.733e-01	0.000e+00	0.000e+00	2.362e+00	1.940e+00	1.389e+00	1.971e+00	0.000e+00	0.000e+00	3.704e+00	3.053e+00	2.273e+00	3.233e+00	0.000e+00	0.000e+00
4	6.682e-01	3.864e-01	6.390e-01	3.695e-01	3.922e-01	3.925e-01	7.194e-01	4.558e-01	1.342e+00	6.023e-01	0.000e+00	0.000e+00	0.000e+00	0.000e+00	0.000e+00	0.000e+00	0.000e+00	0.000e+00	1.176e+00	1.669e+00	0.000e+00	0.000e+00	0.000e+00	0.000e+00
5	5.263e-01	3.333e-01	7.937e-01	3.976e-01	1.275e+00	6.837e-01	8.772e-01	5.076e-01	6.180e-01	3.915e-01	2.469e+00	2.485e+00	2.051e+00	1.458e+00	2.899e+00	2.920e+00	8.197e-01	8.214e-01	1.149e+00	1.630e+00	2.703e+00	3.849e+00	3.922e+00	3.961e+00
6	9.165e-01	4.330e-01	6.530e-01	3.496e-01	5.319e-01	4.349e-01	1.099e+00	5.195e-01	9.434e-01	4.728e-01	2.857e+00	2.878e+00	1.271e+00	1.041e+00	0.000e+00	0.000e+00	8.264e-01	8.282e-01	9.434e-01	1.337e+00	0.000e+00	0.000e+00	0.000e+00	0.000e+00
7	1.051e+00	4.492e-01	4.496e-01	2.847e-01	9.042e-01	5.731e-01	6.075e-01	3.848e-01	1.499e+00	5.904e-01	1.111e+00	1.576e+00	8.230e-01	8.248e-01	9.091e-01	1.289e+00	7.722e-01	7.737e-01	2.885e+00	2.373e+00	0.000e+00	0.000e+00	5.882e+00	5.974e+00
8	8.167e-01	3.858e-01	6.873e-01	3.442e-01	8.264e-01	5.238e-01	6.904e-01	3.993e-01	9.250e-01	4.371e-01	1.818e+00	1.827e+00	1.674e+00	1.188e+00	2.128e+00	2.139e+00	6.601e-01	6.612e-01	2.439e+00	2.004e+00	0.000e+00	0.000e+00	0.000e+00	0.000e+00
9	8.881e-01	3.981e-01	9.547e-01	3.907e-01	6.525e-01	4.622e-01	7.726e-01	4.138e-01	7.976e-01	3.996e-01	1.681e+00	1.688e+00	8.929e-01	8.949e-01	0.000e+00	0.000e+00	9.317e-01	7.625e-01	4.348e+00	2.781e+00	0.000e+00	0.000e+00	0.000e+00	0.000e+00
10	6.832e-01	3.422e-01	7.369e-01	3.302e-01	1.059e+00	5.676e-01	8.511e-01	4.264e-01	1.415e+00	5.186e-01	9.615e-01	1.363e+00	1.005e+00	1.008e+00	2.198e+00	2.210e+00	2.121e+00	1.140e+00	0.000e+00	0.000e+00	2.128e+00	3.025e+00	0.000e+00	0.000e+00
11	1.330e+00	4.718e-01	8.808e-01	3.462e-01	1.376e-01	1.946e-01	7.944e-01	3.980e-01	6.267e-01	3.355e-01	1.695e+00	1.702e+00	2.151e+00	1.529e+00	2.062e+00	2.073e+00	5.882e-01	5.891e-01	9.009e-01	1.277e+00	0.000e+00	0.000e+00	0.000e+00	0.000e+00
12	9.098e-01	3.723e-01	8.772e-01	3.448e-01	5.195e-01	3.678e-01	1.475e+00	5.406e-01	1.259e+00	4.465e-01	9.091e-01	1.289e+00	1.005e+00	1.008e+00	0.000e+00	0.000e+00	2.674e-01	3.784e-01	1.562e+00	1.569e+00	0.000e+00	0.000e+00	0.000e+00	0.000e+00
13	1.253e+00	4.311e-01	6.570e-01	2.943e-01	7.663e-01	4.433e-01	8.637e-01	4.080e-01	1.322e+00	4.420e-01	1.802e+00	1.810e+00	2.162e+00	1.537e+00	0.000e+00	0.000e+00	8.174e-01	6.688e-01	1.600e+00	1.606e+00	1.887e+00	2.681e+00	0.000e+00	0.000e+00
14	6.803e-01	3.047e-01	6.811e-01	2.909e-01	8.505e-01	4.556e-01	7.098e-01	3.556e-01	7.184e-01	3.219e-01	2.206e+00	1.811e+00	1.604e+00	1.315e+00	0.000e+00	0.000e+00	2.584e-01	3.657e-01	8.547e-01	1.211e+00	0.000e+00	0.000e+00	0.000e+00	0.000e+00
15	9.609e-01	3.641e-01	9.357e-01	3.316e-01	7.151e-01	4.136e-01	7.194e-01	3.398e-01	5.945e-01	2.806e-01	8.850e-01	1.254e+00	0.000e+00	0.000e+00	0.000e+00	0.000e+00	5.348e-01	5.355e-01	1.527e+00	1.533e+00	0.000e+00	0.000e+00	0.000e+00	0.000e+00
16	7.421e-01	3.035e-01	9.948e-01	3.236e-01	9.336e-01	4.411e-01	1.070e+00	4.053e-01	6.262e-01	2.805e-01	1.504e+00	1.509e+00	1.786e+00	1.794e+00	1.282e+00	1.819e+00	2.392e-01	3.385e-01	0.000e+00	0.000e+00	0.000e+00	0.000e+00	0.000e+00	0.000e+00
17	6.162e-01	2.632e-01	7.792e-01	2.851e-01	1.297e+00	5.106e-01	7.087e-01	3.175e-01	8.523e-01	3.119e-01	1.709e+00	1.717e+00	1.087e+00	1.541e+00	0.000e+00	0.000e+00	4.202e-01	4.206e-01	9.709e-01	1.376e+00	1.961e+00	2.787e+00	2.000e+00	2.843e+00
18	7.874e-01	2.982e-01	5.655e-01	2.312e-01	1.190e+00	4.683e-01	5.274e-01	2.640e-01	1.049e+00	3.413e-01	0.000e+00	0.000e+00	0.000e+00	0.000e+00	2.273e+00	2.286e+00	1.713e+00	8.603e-01	1.562e+00	1.569e+00	0.000e+00	0.000e+00	0.000e+00	0.000e+00
19	6.549e-01	2.573e-01	1.065e+00	3.083e-01	7.840e-01	3.703e-01	9.286e-01	3.291e-01	9.356e-01	3.126e-01	8.000e-01	1.134e+00	1.333e+00	1.892e+00	0.000e+00	0.000e+00	1.222e+00	7.077e-01	2.013e+00	1.652e+00	0.000e+00	0.000e+00	3.125e+00	4.455e+00
20	9.833e-01	3.117e-01	9.017e-01	2.789e-01	4.812e-01	2.781e-01	1.027e+00	3.434e-01	1.130e+00	3.342e-01	7.752e-01	1.098e+00	1.408e+00	1.999e+00	1.053e+00	1.493e+00	7.968e-01	5.646e-01	0.000e+00	0.000e+00	0.000e+00	0.000e+00	0.000e+00	0.000e+00
21	1.079e+00	3.124e-01	8.922e-01	2.637e-01	1.117e+00	4.090e-01	7.780e-01	2.846e-01	1.298e+00	3.419e-01	8.264e-01	1.171e+00	1.282e+00	1.819e+00	0.000e+00	0.000e+00	1.174e+00	6.799e-01	3.247e+00	2.071e+00	2.000e+00	2.843e+00	1.923e+00	2.733e+00
22	1.300e+00	3.369e-01	9.901e-01	2.701e-01	9.129e-01	3.589e-01	1.120e+00	3.311e-01	8.864e-01	2.742e-01	0.000e+00	0.000e+00	1.149e+00	1.630e+00	0.000e+00	0.000e+00	1.132e+00	6.555e-01	1.818e+00	1.491e+00	0.000e+00	0.000e+00	0.000e+00	0.000e+00
23	9.970e-01	2.720e-01	8.666e-01	2.456e-01	8.621e-01	3.389e-01	1.224e+00	3.341e-01	8.287e-01	2.563e-01	2.381e+00	1.956e+00	3.191e+00	2.627e+00	4.545e+00	2.909e+00	8.347e-01	5.290e-01	1.307e+00	1.312e+00	0.000e+00	0.000e+00	1.818e+00	2.583e+00
24	9.797e-01	2.673e-01	8.306e-01	2.354e-01	1.245e+00	3.948e-01	8.085e-01	2.628e-01	7.940e-01	2.455e-01	8.403e-01	1.191e+00	1.250e+00	1.773e+00	8.547e-01	1.211e+00	1.391e+00	6.981e-01	1.923e+00	1.366e+00	0.000e+00	0.000e+00	1.852e+00	2.631e+00
25	8.725e-01	2.425e-01	7.002e-01	2.068e-01	1.154e+00	3.754e-01	1.108e+00	3.024e-01	1.033e+00	2.673e-01	0.000e+00	0.000e+00	9.091e-01	1.289e+00	9.709e-01	1.376e+00	6.667e-01	4.722e-01	2.151e+00	1.529e+00	2.020e+00	2.031e+00	0.000e+00	0.000e+00
