# /Users/nicolettemeyer/Documents/Dekas_Lab_Work/Hot2Cold/nanoSIMS_September_2021/20210909_std2_3/: (12C15N/(12C14N+12C15N))*100
# cell	MEAN1	Poiss_E1	MEAN2	Poiss_E2	MEAN3	Poiss_E3	MEAN4	Poiss_E4	MEAN5	Poiss_E5	MEAN6	Poiss_E6	MEAN7	Poiss_E7	MEAN8	Poiss_E8	MEAN9	Poiss_E9	MEAN10	Poiss_E10	MEAN11	Poiss_E11
# plane	POL=0		POL=0		POL=0		POL=0		POL=0		POL=0		POL=0		POL=0		POL=0		POL=0		POL=0	
1	3.811e-01	3.637e-02	4.577e-01	5.706e-02	3.974e-01	3.701e-02	4.376e-01	4.121e-02	3.511e-01	5.701e-02	3.835e-01	3.848e-02	3.974e-01	4.367e-02	4.077e-01	4.176e-02	4.100e-01	3.649e-02	3.775e-01	4.858e-02	4.538e-01	4.139e-02
2	3.797e-01	3.623e-02	3.837e-01	5.325e-02	3.950e-01	3.640e-02	3.777e-01	3.868e-02	3.730e-01	6.017e-02	3.983e-01	3.872e-02	4.080e-01	4.378e-02	3.749e-01	3.923e-02	4.168e-01	3.739e-02	3.420e-01	4.658e-02	4.049e-01	3.838e-02
3	3.667e-01	3.532e-02	4.246e-01	5.631e-02	3.591e-01	3.459e-02	3.229e-01	3.558e-02	3.604e-01	5.890e-02	3.758e-01	3.810e-02	4.625e-01	4.677e-02	4.460e-01	4.421e-02	4.189e-01	3.852e-02	3.435e-01	4.768e-02	4.286e-01	4.100e-02
4	3.834e-01	3.642e-02	4.140e-01	5.539e-02	3.750e-01	3.523e-02	4.092e-01	4.026e-02	4.601e-01	6.718e-02	4.029e-01	4.003e-02	4.011e-01	4.461e-02	3.882e-01	4.143e-02	4.088e-01	3.867e-02	4.088e-01	5.240e-02	4.285e-01	4.137e-02
5	4.151e-01	3.858e-02	4.075e-01	5.551e-02	4.330e-01	3.839e-02	4.189e-01	4.142e-02	3.839e-01	6.193e-02	4.007e-01	4.021e-02	3.242e-01	4.009e-02	4.125e-01	4.364e-02	4.150e-01	3.970e-02	3.864e-01	5.215e-02	4.506e-01	4.301e-02
6	3.915e-01	3.736e-02	3.617e-01	5.281e-02	4.281e-01	3.810e-02	4.376e-01	4.265e-02	3.741e-01	6.156e-02	3.750e-01	3.956e-02	3.911e-01	4.582e-02	3.754e-01	4.189e-02	3.614e-01	3.751e-02	4.151e-01	5.505e-02	4.180e-01	4.206e-02
7	3.903e-01	3.777e-02	3.442e-01	5.194e-02	3.991e-01	3.702e-02	3.742e-01	3.970e-02	3.687e-01	6.150e-02	4.048e-01	4.157e-02	4.078e-01	4.730e-02	4.039e-01	4.322e-02	3.634e-01	3.834e-02	4.583e-01	5.781e-02	4.142e-01	4.167e-02
8	3.854e-01	3.765e-02	4.167e-01	5.703e-02	3.838e-01	3.630e-02	4.208e-01	4.212e-02	4.743e-01	6.963e-02	4.183e-01	4.354e-02	4.463e-01	4.995e-02	4.103e-01	4.391e-02	4.093e-01	4.150e-02	3.688e-01	5.169e-02	4.378e-01	4.287e-02
9	3.699e-01	3.721e-02	3.974e-01	5.833e-02	3.534e-01	3.564e-02	3.972e-01	4.203e-02	5.125e-01	7.485e-02	4.356e-01	4.350e-02	3.559e-01	4.385e-02	4.421e-01	4.601e-02	4.399e-01	4.308e-02	4.060e-01	5.481e-02	4.577e-01	4.420e-02
10	4.318e-01	4.076e-02	3.739e-01	5.610e-02	4.436e-01	3.988e-02	3.702e-01	4.067e-02	3.078e-01	5.719e-02	4.233e-01	4.359e-02	4.403e-01	4.990e-02	3.943e-01	4.244e-02	3.701e-01	3.983e-02	3.645e-01	5.239e-02	4.088e-01	4.134e-02
11	3.782e-01	3.834e-02	3.899e-01	5.723e-02	3.949e-01	3.769e-02	3.963e-01	4.229e-02	4.742e-01	7.077e-02	3.558e-01	4.059e-02	4.453e-01	5.048e-02	4.784e-01	4.766e-02	3.829e-01	4.157e-02	4.327e-01	5.738e-02	3.725e-01	3.997e-02
12	3.993e-01	3.987e-02	3.411e-01	5.432e-02	3.904e-01	3.796e-02	3.638e-01	4.071e-02	3.438e-01	6.130e-02	4.107e-01	4.310e-02	4.557e-01	5.117e-02	3.853e-01	4.325e-02	4.626e-01	4.531e-02	3.830e-01	5.368e-02	3.606e-01	3.938e-02
13	3.733e-01	3.875e-02	3.947e-01	5.857e-02	4.092e-01	3.888e-02	3.617e-01	4.113e-02	4.216e-01	6.757e-02	4.527e-01	4.662e-02	3.727e-01	4.777e-02	4.531e-01	4.679e-02	3.945e-01	4.258e-02	4.277e-01	5.800e-02	4.309e-01	4.335e-02
14	4.045e-01	4.039e-02	4.164e-01	6.214e-02	4.091e-01	3.905e-02	3.668e-01	4.170e-02	4.194e-01	6.949e-02	4.128e-01	4.605e-02	4.105e-01	5.096e-02	4.342e-01	4.771e-02	4.283e-01	4.545e-02	3.711e-01	5.446e-02	4.180e-01	4.423e-02
15	3.381e-01	3.649e-02	3.825e-01	5.873e-02	3.985e-01	3.874e-02	4.540e-01	4.663e-02	3.731e-01	6.452e-02	4.007e-01	4.470e-02	4.480e-01	5.304e-02	5.091e-01	5.149e-02	3.948e-01	4.365e-02	4.172e-01	5.737e-02	4.402e-01	4.498e-02
16	3.536e-01	3.720e-02	3.838e-01	5.859e-02	4.059e-01	3.875e-02	3.831e-01	4.261e-02	4.222e-01	6.857e-02	4.051e-01	4.438e-02	3.948e-01	4.883e-02	4.084e-01	4.571e-02	3.935e-01	4.285e-02	3.464e-01	5.287e-02	4.073e-01	4.274e-02
17	4.208e-01	4.035e-02	4.367e-01	6.245e-02	4.107e-01	3.911e-02	3.768e-01	4.256e-02	3.642e-01	6.345e-02	3.741e-01	4.200e-02	4.413e-01	5.189e-02	4.322e-01	4.692e-02	3.920e-01	4.347e-02	4.225e-01	5.730e-02	3.613e-01	3.981e-02
18	4.179e-01	4.122e-02	3.660e-01	5.687e-02	4.451e-01	4.085e-02	3.644e-01	4.255e-02	4.075e-01	6.752e-02	4.262e-01	4.436e-02	4.520e-01	5.261e-02	4.713e-01	4.718e-02	4.192e-01	4.387e-02	3.889e-01	5.619e-02	4.039e-01	4.126e-02
19	3.893e-01	4.019e-02	3.774e-01	5.900e-02	4.015e-01	3.922e-02	3.978e-01	4.466e-02	3.537e-01	6.358e-02	4.108e-01	4.409e-02	4.225e-01	5.110e-02	4.118e-01	4.498e-02	4.490e-01	4.624e-02	4.556e-01	6.122e-02	4.234e-01	4.326e-02
20	4.358e-01	4.289e-02	4.391e-01	6.345e-02	3.699e-01	3.789e-02	4.144e-01	4.581e-02	3.901e-01	6.746e-02	3.877e-01	4.366e-02	4.306e-01	5.247e-02	4.583e-01	4.837e-02	3.805e-01	4.313e-02	3.881e-01	5.697e-02	4.833e-01	4.722e-02
21	3.860e-01	4.039e-02	3.800e-01	6.014e-02	3.968e-01	3.886e-02	4.416e-01	4.610e-02	4.188e-01	6.939e-02	4.542e-01	4.976e-02	4.003e-01	4.990e-02	3.825e-01	4.482e-02	4.349e-01	4.654e-02	3.640e-01	5.372e-02	3.681e-01	4.020e-02
22	4.156e-01	4.171e-02	4.389e-01	6.245e-02	3.463e-01	3.613e-02	4.140e-01	4.443e-02	4.098e-01	6.745e-02	3.222e-01	4.163e-02	3.762e-01	4.882e-02	3.464e-01	4.300e-02	4.103e-01	4.564e-02	4.245e-01	5.783e-02	3.522e-01	4.004e-02
23	3.868e-01	4.048e-02	3.957e-01	6.075e-02	3.574e-01	3.729e-02	3.548e-01	4.186e-02	4.606e-01	7.291e-02	3.828e-01	4.410e-02	3.764e-01	4.843e-02	4.050e-01	4.562e-02	3.612e-01	4.203e-02	3.769e-01	5.389e-02	3.655e-01	3.968e-02
24	3.979e-01	4.054e-02	3.869e-01	5.941e-02	4.126e-01	3.929e-02	4.242e-01	4.501e-02	3.596e-01	6.313e-02	4.325e-01	4.724e-02	4.308e-01	5.308e-02	4.457e-01	4.811e-02	4.215e-01	4.577e-02	3.704e-01	5.466e-02	4.508e-01	4.502e-02
25	3.634e-01	3.856e-02	3.947e-01	5.923e-02	3.683e-01	3.723e-02	3.558e-01	4.125e-02	5.217e-01	7.540e-02	3.946e-01	4.531e-02	3.519e-01	4.665e-02	4.082e-01	4.458e-02	3.636e-01	4.274e-02	3.857e-01	5.487e-02	4.672e-01	4.400e-02
