# /Users/nicolettemeyer/Documents/Dekas_Lab_Work/Hot2Cold/nanoSIMS_September_2021/20210909_std2_3/: (12C13C/(12C2*2+12C13C))*100
# cell	MEAN1	Poiss_E1	MEAN2	Poiss_E2	MEAN3	Poiss_E3	MEAN4	Poiss_E4	MEAN5	Poiss_E5	MEAN6	Poiss_E6	MEAN7	Poiss_E7	MEAN8	Poiss_E8	MEAN9	Poiss_E9	MEAN10	Poiss_E10	MEAN11	Poiss_E11
# plane	POL=0		POL=0		POL=0		POL=0		POL=0		POL=0		POL=0		POL=0		POL=0		POL=0		POL=0	
1	1.108e+00	1.065e-01	9.001e-01	1.421e-01	1.072e+00	1.089e-01	1.015e+00	1.078e-01	1.116e+00	1.753e-01	1.137e+00	1.248e-01	9.870e-01	1.447e-01	1.061e+00	1.178e-01	1.004e+00	1.211e-01	8.610e-01	1.367e-01	1.216e+00	1.119e-01
2	1.023e+00	1.003e-01	9.455e-01	1.466e-01	1.311e+00	1.185e-01	1.058e+00	1.077e-01	9.857e-01	1.607e-01	1.082e+00	1.140e-01	8.325e-01	1.253e-01	1.004e+00	1.095e-01	1.151e+00	1.260e-01	1.031e+00	1.451e-01	1.055e+00	9.890e-02
3	1.070e+00	1.012e-01	1.082e+00	1.546e-01	9.349e-01	9.638e-02	1.171e+00	1.110e-01	1.041e+00	1.645e-01	1.114e+00	1.109e-01	1.226e+00	1.474e-01	1.090e+00	1.134e-01	9.454e-01	1.112e-01	1.010e+00	1.395e-01	1.275e+00	1.072e-01
4	1.031e+00	9.723e-02	1.072e+00	1.501e-01	9.492e-01	9.398e-02	1.055e+00	1.015e-01	1.111e+00	1.684e-01	9.779e-01	1.008e-01	1.090e+00	1.376e-01	1.238e+00	1.182e-01	1.034e+00	1.137e-01	9.740e-01	1.332e-01	1.127e+00	9.887e-02
5	1.130e+00	9.964e-02	1.027e+00	1.453e-01	1.003e+00	9.377e-02	1.134e+00	1.045e-01	1.273e+00	1.760e-01	1.116e+00	1.042e-01	1.092e+00	1.332e-01	1.006e+00	1.040e-01	1.147e+00	1.174e-01	1.036e+00	1.362e-01	9.787e-01	8.997e-02
6	1.058e+00	9.400e-02	9.792e-01	1.385e-01	1.147e+00	9.719e-02	1.080e+00	9.915e-02	1.266e+00	1.750e-01	1.198e+00	1.051e-01	1.102e+00	1.338e-01	1.239e+00	1.127e-01	1.247e+00	1.213e-01	1.047e+00	1.353e-01	1.137e+00	9.629e-02
7	1.026e+00	9.084e-02	9.604e-01	1.332e-01	1.140e+00	9.453e-02	1.020e+00	9.338e-02	9.170e-01	1.422e-01	1.008e+00	9.329e-02	1.042e+00	1.260e-01	1.032e+00	1.000e-01	1.139e+00	1.142e-01	9.794e-01	1.271e-01	1.117e+00	9.153e-02
8	1.010e+00	8.865e-02	1.042e+00	1.353e-01	1.002e+00	8.671e-02	1.082e+00	9.509e-02	1.144e+00	1.566e-01	8.645e-01	8.555e-02	9.934e-01	1.211e-01	1.197e+00	1.039e-01	9.755e-01	1.036e-01	1.051e+00	1.296e-01	1.073e+00	8.746e-02
9	1.013e+00	8.696e-02	9.187e-01	1.286e-01	1.099e+00	8.875e-02	9.312e-01	8.649e-02	1.283e+00	1.674e-01	1.046e+00	8.949e-02	9.690e-01	1.136e-01	9.852e-01	9.334e-02	1.040e+00	1.043e-01	9.048e-01	1.173e-01	1.007e+00	8.249e-02
10	1.010e+00	8.545e-02	9.557e-01	1.272e-01	1.086e+00	8.643e-02	1.044e+00	8.947e-02	9.934e-01	1.398e-01	1.038e+00	8.916e-02	1.115e+00	1.209e-01	1.122e+00	9.626e-02	1.027e+00	1.012e-01	1.253e+00	1.363e-01	9.997e-01	8.096e-02
11	1.084e+00	8.710e-02	1.067e+00	1.300e-01	1.012e+00	8.079e-02	9.704e-01	8.455e-02	1.123e+00	1.458e-01	1.147e+00	9.224e-02	9.568e-01	1.085e-01	1.114e+00	9.454e-02	9.680e-01	9.752e-02	9.787e-01	1.176e-01	1.081e+00	8.227e-02
12	1.005e+00	8.191e-02	9.989e-01	1.245e-01	1.097e+00	8.353e-02	9.995e-01	8.505e-02	1.225e+00	1.511e-01	1.055e+00	8.492e-02	1.061e+00	1.121e-01	1.194e+00	9.649e-02	1.000e+00	9.627e-02	8.774e-01	1.073e-01	1.113e+00	8.176e-02
13	9.883e-01	7.965e-02	1.221e+00	1.349e-01	1.052e+00	7.940e-02	1.094e+00	8.642e-02	9.850e-01	1.311e-01	1.176e+00	9.008e-02	8.990e-01	1.019e-01	9.642e-01	8.548e-02	9.959e-01	9.543e-02	8.856e-01	1.063e-01	1.026e+00	7.731e-02
14	1.022e+00	8.034e-02	9.608e-01	1.180e-01	1.070e+00	7.860e-02	1.076e+00	8.557e-02	9.475e-01	1.302e-01	1.207e+00	9.258e-02	1.061e+00	1.109e-01	9.786e-01	8.576e-02	1.089e+00	9.891e-02	1.180e+00	1.231e-01	1.182e+00	8.297e-02
15	1.034e+00	7.814e-02	1.032e+00	1.206e-01	1.114e+00	7.899e-02	1.073e+00	8.324e-02	1.080e+00	1.352e-01	1.023e+00	8.244e-02	1.058e+00	1.078e-01	1.053e+00	8.673e-02	1.087e+00	9.646e-02	1.132e+00	1.178e-01	9.700e-01	7.275e-02
16	1.106e+00	7.973e-02	1.046e+00	1.191e-01	1.113e+00	7.703e-02	1.059e+00	8.083e-02	1.176e+00	1.370e-01	1.116e+00	8.378e-02	1.055e+00	1.026e-01	1.062e+00	8.545e-02	1.076e+00	9.222e-02	1.171e+00	1.180e-01	1.112e+00	7.592e-02
17	1.135e+00	7.903e-02	1.018e+00	1.141e-01	1.086e+00	7.475e-02	1.060e+00	7.999e-02	1.067e+00	1.287e-01	1.056e+00	7.950e-02	9.864e-01	9.744e-02	1.076e+00	8.434e-02	1.065e+00	9.085e-02	9.400e-01	1.015e-01	1.044e+00	7.181e-02
18	1.019e+00	7.419e-02	1.108e+00	1.168e-01	9.479e-01	6.928e-02	1.027e+00	7.734e-02	1.046e+00	1.235e-01	1.016e+00	7.590e-02	1.092e+00	1.022e-01	1.058e+00	8.100e-02	1.095e+00	8.958e-02	1.084e+00	1.084e-01	1.159e+00	7.378e-02
19	1.060e+00	7.416e-02	1.103e+00	1.144e-01	1.088e+00	7.301e-02	1.018e+00	7.556e-02	1.030e+00	1.216e-01	1.135e+00	7.975e-02	9.793e-01	9.341e-02	1.059e+00	8.069e-02	1.015e+00	8.515e-02	9.551e-01	1.009e-01	1.084e+00	7.094e-02
20	1.013e+00	7.157e-02	1.097e+00	1.135e-01	1.093e+00	7.239e-02	1.059e+00	7.673e-02	1.009e+00	1.182e-01	1.062e+00	7.675e-02	1.135e+00	1.001e-01	1.093e+00	8.253e-02	1.004e+00	8.500e-02	1.227e+00	1.137e-01	1.097e+00	7.221e-02
21	1.035e+00	7.213e-02	1.072e+00	1.106e-01	9.806e-01	6.697e-02	1.102e+00	7.674e-02	1.007e+00	1.172e-01	1.107e+00	7.919e-02	1.090e+00	9.729e-02	1.130e+00	8.128e-02	1.117e+00	8.717e-02	1.093e+00	1.043e-01	1.063e+00	6.847e-02
22	1.032e+00	7.027e-02	1.083e+00	1.092e-01	1.111e+00	7.021e-02	1.000e+00	7.207e-02	1.158e+00	1.231e-01	1.077e+00	7.678e-02	1.044e+00	9.463e-02	1.082e+00	7.892e-02	1.095e+00	8.548e-02	1.159e+00	1.062e-01	1.094e+00	6.890e-02
23	1.097e+00	7.149e-02	8.662e-01	9.607e-02	9.911e-01	6.546e-02	1.046e+00	7.318e-02	1.179e+00	1.233e-01	1.053e+00	7.311e-02	1.017e+00	9.037e-02	1.098e+00	7.751e-02	1.032e+00	8.004e-02	9.978e-01	9.519e-02	1.134e+00	6.831e-02
24	1.043e+00	6.797e-02	1.195e+00	1.114e-01	1.012e+00	6.457e-02	9.707e-01	6.863e-02	8.523e-01	1.030e-01	1.060e+00	7.380e-02	1.135e+00	9.530e-02	1.001e+00	7.355e-02	1.058e+00	8.074e-02	1.103e+00	1.010e-01	1.068e+00	6.646e-02
25	1.053e+00	6.762e-02	1.021e+00	9.994e-02	1.050e+00	6.491e-02	1.077e+00	7.161e-02	1.014e+00	1.096e-01	1.130e+00	7.502e-02	1.089e+00	9.019e-02	9.925e-01	7.018e-02	1.085e+00	8.043e-02	1.029e+00	9.543e-02	1.009e+00	6.155e-02
