# /Users/nicolettemeyer/Documents/Dekas_Lab_Work/Hot2Cold/nanoSIMS_September_2021/20210909_std2_3/: 12C14N
# cell	MEAN1	Poiss_E1	MEAN2	Poiss_E2	MEAN3	Poiss_E3	MEAN4	Poiss_E4	MEAN5	Poiss_E5	MEAN6	Poiss_E6	MEAN7	Poiss_E7	MEAN8	Poiss_E8	MEAN9	Poiss_E9	MEAN10	Poiss_E10	MEAN11	Poiss_E11
# plane	POL=5		POL=2		POL=5		POL=2		POL=2		POL=1		POL=2		POL=1		POL=2		POL=2		POL=2	
1	5.750e+04	2.398e+02	2.806e+04	1.675e+02	5.790e+04	2.406e+02	5.142e+04	2.268e+02	2.157e+04	1.469e+02	5.169e+04	2.274e+02	4.160e+04	2.040e+02	4.666e+04	2.160e+02	6.145e+04	2.479e+02	3.193e+04	1.787e+02	5.287e+04	2.299e+02
2	5.773e+04	2.403e+02	2.700e+04	1.643e+02	5.950e+04	2.439e+02	5.038e+04	2.245e+02	2.057e+04	1.434e+02	5.302e+04	2.303e+02	4.248e+04	2.061e+02	4.863e+04	2.205e+02	5.949e+04	2.439e+02	3.147e+04	1.774e+02	5.486e+04	2.342e+02
3	5.868e+04	2.422e+02	2.673e+04	1.635e+02	5.993e+04	2.448e+02	5.094e+04	2.257e+02	2.074e+04	1.440e+02	5.169e+04	2.274e+02	4.218e+04	2.054e+02	4.554e+04	2.134e+02	5.634e+04	2.374e+02	3.017e+04	1.737e+02	5.088e+04	2.256e+02
4	5.768e+04	2.402e+02	2.694e+04	1.641e+02	6.030e+04	2.456e+02	5.038e+04	2.245e+02	2.034e+04	1.426e+02	5.018e+04	2.240e+02	4.022e+04	2.006e+02	4.516e+04	2.125e+02	5.457e+04	2.336e+02	2.972e+04	1.724e+02	4.996e+04	2.235e+02
5	5.565e+04	2.359e+02	2.639e+04	1.625e+02	5.864e+04	2.422e+02	4.873e+04	2.208e+02	1.998e+04	1.413e+02	4.946e+04	2.224e+02	4.028e+04	2.007e+02	4.322e+04	2.079e+02	5.255e+04	2.292e+02	2.836e+04	1.684e+02	4.861e+04	2.205e+02
6	5.597e+04	2.366e+02	2.590e+04	1.609e+02	5.885e+04	2.426e+02	4.801e+04	2.191e+02	1.970e+04	1.404e+02	4.782e+04	2.187e+02	3.719e+04	1.928e+02	4.272e+04	2.067e+02	5.128e+04	2.265e+02	2.735e+04	1.654e+02	4.717e+04	2.172e+02
7	5.461e+04	2.337e+02	2.548e+04	1.596e+02	5.814e+04	2.411e+02	4.739e+04	2.177e+02	1.946e+04	1.395e+02	4.675e+04	2.162e+02	3.639e+04	1.908e+02	4.315e+04	2.077e+02	4.935e+04	2.221e+02	2.737e+04	1.654e+02	4.761e+04	2.182e+02
8	5.428e+04	2.330e+02	2.557e+04	1.599e+02	5.814e+04	2.411e+02	4.733e+04	2.176e+02	1.952e+04	1.397e+02	4.404e+04	2.099e+02	3.569e+04	1.889e+02	4.247e+04	2.061e+02	4.744e+04	2.178e+02	2.756e+04	1.660e+02	4.753e+04	2.180e+02
9	5.334e+04	2.309e+02	2.331e+04	1.527e+02	5.555e+04	2.357e+02	4.488e+04	2.119e+02	1.825e+04	1.351e+02	4.595e+04	2.144e+02	3.696e+04	1.922e+02	4.166e+04	2.041e+02	4.730e+04	2.175e+02	2.698e+04	1.643e+02	4.675e+04	2.162e+02
10	5.188e+04	2.278e+02	2.371e+04	1.540e+02	5.566e+04	2.359e+02	4.468e+04	2.114e+02	1.879e+04	1.371e+02	4.446e+04	2.109e+02	3.528e+04	1.878e+02	4.370e+04	2.090e+02	4.658e+04	2.158e+02	2.652e+04	1.628e+02	4.775e+04	2.185e+02
11	5.136e+04	2.266e+02	2.376e+04	1.541e+02	5.549e+04	2.356e+02	4.424e+04	2.103e+02	1.889e+04	1.374e+02	4.312e+04	2.077e+02	3.487e+04	1.867e+02	4.202e+04	2.050e+02	4.422e+04	2.103e+02	2.623e+04	1.620e+02	4.654e+04	2.157e+02
12	5.013e+04	2.239e+02	2.308e+04	1.519e+02	5.409e+04	2.326e+02	4.382e+04	2.093e+02	1.826e+04	1.351e+02	4.414e+04	2.101e+02	3.473e+04	1.864e+02	4.111e+04	2.028e+02	4.497e+04	2.121e+02	2.653e+04	1.629e+02	4.642e+04	2.155e+02
13	4.964e+04	2.228e+02	2.296e+04	1.515e+02	5.403e+04	2.324e+02	4.270e+04	2.066e+02	1.842e+04	1.357e+02	4.156e+04	2.039e+02	3.261e+04	1.806e+02	4.130e+04	2.032e+02	4.342e+04	2.084e+02	2.538e+04	1.593e+02	4.576e+04	2.139e+02
14	4.949e+04	2.225e+02	2.152e+04	1.467e+02	5.355e+04	2.314e+02	4.211e+04	2.052e+02	1.733e+04	1.317e+02	3.884e+04	1.971e+02	3.154e+04	1.776e+02	3.806e+04	1.951e+02	4.138e+04	2.034e+02	2.497e+04	1.580e+02	4.265e+04	2.065e+02
15	5.070e+04	2.252e+02	2.214e+04	1.488e+02	5.299e+04	2.302e+02	4.166e+04	2.041e+02	1.789e+04	1.338e+02	4.002e+04	2.000e+02	3.178e+04	1.783e+02	3.831e+04	1.957e+02	4.137e+04	2.034e+02	2.530e+04	1.591e+02	4.342e+04	2.084e+02
16	5.100e+04	2.258e+02	2.232e+04	1.494e+02	5.397e+04	2.323e+02	4.213e+04	2.052e+02	1.792e+04	1.339e+02	4.105e+04	2.026e+02	3.305e+04	1.818e+02	3.902e+04	1.975e+02	4.278e+04	2.068e+02	2.474e+04	1.573e+02	4.450e+04	2.110e+02
17	5.159e+04	2.271e+02	2.234e+04	1.495e+02	5.360e+04	2.315e+02	4.152e+04	2.038e+02	1.806e+04	1.344e+02	4.234e+04	2.058e+02	3.271e+04	1.809e+02	3.917e+04	1.979e+02	4.142e+04	2.035e+02	2.569e+04	1.603e+02	4.551e+04	2.133e+02
18	4.908e+04	2.215e+02	2.260e+04	1.503e+02	5.323e+04	2.307e+02	4.019e+04	2.005e+02	1.784e+04	1.336e+02	4.322e+04	2.079e+02	3.259e+04	1.805e+02	4.224e+04	2.055e+02	4.347e+04	2.085e+02	2.459e+04	1.568e+02	4.735e+04	2.176e+02
19	4.811e+04	2.193e+02	2.164e+04	1.471e+02	5.210e+04	2.282e+02	3.981e+04	1.995e+02	1.747e+04	1.322e+02	4.218e+04	2.054e+02	3.229e+04	1.797e+02	4.062e+04	2.016e+02	4.191e+04	2.047e+02	2.426e+04	1.557e+02	4.516e+04	2.125e+02
20	4.729e+04	2.175e+02	2.177e+04	1.475e+02	5.144e+04	2.268e+02	3.941e+04	1.985e+02	1.711e+04	1.308e+02	4.060e+04	2.015e+02	3.121e+04	1.767e+02	3.909e+04	1.977e+02	4.084e+04	2.021e+02	2.387e+04	1.545e+02	4.324e+04	2.079e+02
21	4.723e+04	2.173e+02	2.097e+04	1.448e+02	5.246e+04	2.290e+02	4.148e+04	2.037e+02	1.736e+04	1.317e+02	3.660e+04	1.913e+02	3.210e+04	1.792e+02	3.802e+04	1.950e+02	4.006e+04	2.002e+02	2.518e+04	1.587e+02	4.547e+04	2.132e+02
22	4.768e+04	2.184e+02	2.246e+04	1.499e+02	5.296e+04	2.301e+02	4.186e+04	2.046e+02	1.798e+04	1.341e+02	3.712e+04	1.927e+02	3.151e+04	1.775e+02	3.740e+04	1.934e+02	3.932e+04	1.983e+02	2.533e+04	1.592e+02	4.386e+04	2.094e+02
23	4.712e+04	2.171e+02	2.140e+04	1.463e+02	5.131e+04	2.265e+02	4.044e+04	2.011e+02	1.729e+04	1.315e+02	3.929e+04	1.982e+02	3.203e+04	1.790e+02	3.885e+04	1.971e+02	4.082e+04	2.021e+02	2.590e+04	1.609e+02	4.634e+04	2.153e+02
24	4.832e+04	2.198e+02	2.188e+04	1.479e+02	5.335e+04	2.310e+02	4.179e+04	2.044e+02	1.801e+04	1.342e+02	3.868e+04	1.967e+02	3.051e+04	1.747e+02	3.842e+04	1.960e+02	4.016e+04	2.004e+02	2.475e+04	1.573e+02	4.439e+04	2.107e+02
25	4.880e+04	2.209e+02	2.246e+04	1.499e+02	5.303e+04	2.303e+02	4.173e+04	2.043e+02	1.830e+04	1.353e+02	3.837e+04	1.959e+02	3.228e+04	1.797e+02	4.099e+04	2.025e+02	3.973e+04	1.993e+02	2.557e+04	1.599e+02	4.815e+04	2.194e+02
