# /Users/nicolettemeyer/Documents/Dekas_Lab_Work/Hot2Cold/nanoSIMS_September_2021/20210909_std2_3/: 13C/(12C+13C)*100
# cell	MEAN1	Poiss_E1	MEAN2	Poiss_E2	MEAN3	Poiss_E3	MEAN4	Poiss_E4	MEAN5	Poiss_E5	MEAN6	Poiss_E6	MEAN7	Poiss_E7	MEAN8	Poiss_E8	MEAN9	Poiss_E9	MEAN10	Poiss_E10	MEAN11	Poiss_E11
# plane	POL=0		POL=0		POL=0		POL=0		POL=0		POL=0		POL=0		POL=0		POL=0		POL=0		POL=0	
1	7.799e-01	3.684e-01	7.246e-01	5.133e-01	1.170e+00	4.434e-01	1.411e+00	5.171e-01	6.522e-01	5.334e-01	7.231e-01	3.872e-01	9.434e-01	5.460e-01	6.237e-01	3.607e-01	7.220e-01	4.176e-01	8.621e-01	5.464e-01	8.384e-01	3.583e-01
2	4.398e-01	2.784e-01	2.141e-01	3.030e-01	8.368e-01	3.750e-01	4.735e-01	2.998e-01	1.683e+00	9.033e-01	6.598e-01	3.532e-01	5.874e-01	4.159e-01	7.092e-01	3.798e-01	8.631e-01	4.624e-01	3.490e-01	3.493e-01	9.213e-01	3.622e-01
3	7.833e-01	3.700e-01	4.228e-01	4.233e-01	8.850e-01	3.621e-01	8.475e-01	4.003e-01	6.742e-01	5.514e-01	8.953e-01	4.013e-01	8.876e-01	5.136e-01	4.780e-01	3.027e-01	7.344e-01	4.248e-01	7.143e-01	5.060e-01	8.523e-01	3.487e-01
4	8.130e-01	3.643e-01	4.425e-01	4.430e-01	5.151e-01	2.757e-01	1.199e+00	4.544e-01	7.042e-01	5.760e-01	5.017e-01	2.900e-01	1.214e+00	6.088e-01	1.413e+00	5.015e-01	4.808e-01	3.404e-01	5.051e-01	4.129e-01	3.992e-01	2.307e-01
5	8.170e-01	3.661e-01	2.028e-01	2.870e-01	1.103e+00	3.912e-01	8.726e-01	3.911e-01	8.114e-01	5.749e-01	1.096e+00	4.155e-01	1.154e+00	5.455e-01	1.126e+00	4.609e-01	9.217e-01	4.619e-01	1.508e+00	7.134e-01	4.917e-01	2.462e-01
6	9.774e-01	3.843e-01	5.146e-01	4.207e-01	8.856e-01	3.481e-01	1.248e+00	4.571e-01	4.202e-01	4.206e-01	1.541e+00	4.773e-01	1.120e+00	5.618e-01	8.258e-01	3.701e-01	1.048e+00	4.952e-01	1.284e+00	6.441e-01	7.743e-01	3.043e-01
7	5.839e-01	2.924e-01	1.149e+00	6.162e-01	5.360e-01	2.530e-01	8.534e-01	3.647e-01	5.976e-01	4.887e-01	8.208e-01	3.358e-01	6.105e-01	3.867e-01	5.895e-01	2.952e-01	9.923e-01	4.689e-01	7.587e-01	4.808e-01	3.286e-01	1.899e-01
8	7.891e-01	3.371e-01	4.934e-01	4.034e-01	1.067e+00	3.472e-01	8.882e-01	3.634e-01	1.149e+00	6.655e-01	8.838e-01	3.474e-01	4.843e-01	3.428e-01	8.321e-01	3.555e-01	6.061e-01	3.504e-01	8.451e-01	4.889e-01	6.376e-01	2.607e-01
9	4.808e-01	2.573e-01	8.292e-01	5.255e-01	7.027e-01	2.761e-01	7.289e-01	3.266e-01	1.727e+00	8.179e-01	4.893e-01	2.449e-01	5.896e-01	3.735e-01	1.238e+00	4.139e-01	5.112e-01	3.238e-01	1.027e+00	5.148e-01	6.054e-01	2.475e-01
10	9.734e-01	3.563e-01	9.274e-01	5.367e-01	1.146e+00	3.389e-01	6.329e-01	2.988e-01	8.000e-01	5.070e-01	7.580e-01	2.979e-01	9.174e-01	4.598e-01	9.103e-01	3.448e-01	1.101e+00	4.507e-01	1.158e+00	5.476e-01	7.533e-01	2.668e-01
11	6.647e-01	2.839e-01	5.722e-01	4.052e-01	7.619e-01	2.699e-01	5.976e-01	2.821e-01	4.673e-01	3.820e-01	7.576e-01	2.869e-01	7.361e-01	3.942e-01	6.854e-01	2.927e-01	9.355e-01	4.193e-01	1.196e+00	5.366e-01	7.227e-01	2.560e-01
12	6.965e-01	2.848e-01	1.121e+00	5.298e-01	6.440e-01	2.438e-01	1.053e+00	3.622e-01	7.407e-01	4.694e-01	8.533e-01	3.023e-01	6.067e-01	3.508e-01	2.929e-01	1.854e-01	8.834e-01	3.959e-01	3.580e-01	2.926e-01	6.536e-01	2.315e-01
13	7.447e-01	2.820e-01	1.022e+00	5.122e-01	1.121e+00	3.118e-01	5.111e-01	2.412e-01	8.230e-01	4.762e-01	6.941e-01	2.727e-01	7.797e-01	3.906e-01	7.104e-01	2.791e-01	7.538e-01	3.560e-01	1.433e+00	5.642e-01	5.931e-01	2.169e-01
14	7.653e-01	2.800e-01	9.456e-01	4.739e-01	3.960e-01	1.773e-01	9.227e-01	3.270e-01	1.148e+00	5.756e-01	7.372e-01	2.792e-01	7.005e-01	3.509e-01	6.529e-01	2.670e-01	7.396e-01	3.314e-01	9.425e-01	4.225e-01	8.877e-01	2.624e-01
15	1.026e+00	3.102e-01	1.030e+00	4.867e-01	6.255e-01	2.215e-01	6.569e-01	2.581e-01	6.250e-01	3.959e-01	8.408e-01	2.890e-01	6.108e-01	3.270e-01	8.205e-01	2.820e-01	3.644e-01	2.307e-01	4.907e-01	3.107e-01	4.563e-01	1.792e-01
16	8.591e-01	2.723e-01	3.151e-01	2.575e-01	6.652e-01	2.221e-01	9.045e-01	3.022e-01	8.997e-01	4.820e-01	9.730e-01	2.941e-01	6.020e-01	3.014e-01	4.505e-01	2.017e-01	9.015e-01	3.544e-01	8.643e-01	3.874e-01	7.802e-01	2.305e-01
17	1.093e+00	3.040e-01	1.010e+00	4.529e-01	7.684e-01	2.321e-01	9.809e-01	3.034e-01	6.977e-01	4.035e-01	7.492e-01	2.575e-01	3.900e-01	2.469e-01	1.063e+00	3.077e-01	8.621e-01	3.389e-01	6.462e-01	3.236e-01	7.386e-01	2.182e-01
18	6.961e-01	2.324e-01	6.335e-01	3.392e-01	5.866e-01	2.015e-01	8.700e-01	2.906e-01	5.807e-01	3.678e-01	4.955e-01	2.025e-01	6.969e-01	3.122e-01	1.232e+00	3.190e-01	8.684e-01	3.414e-01	8.741e-01	3.918e-01	7.538e-01	2.095e-01
19	1.049e+00	2.810e-01	1.119e+00	4.242e-01	6.726e-01	2.079e-01	6.318e-01	2.392e-01	8.780e-01	4.148e-01	9.328e-01	2.699e-01	8.054e-01	3.295e-01	1.195e+00	3.094e-01	7.634e-01	3.122e-01	6.944e-01	3.478e-01	8.755e-01	2.194e-01
20	7.947e-01	2.348e-01	6.319e-01	3.165e-01	8.422e-01	2.297e-01	3.789e-01	1.788e-01	1.098e+00	4.694e-01	8.894e-01	2.629e-01	3.738e-01	2.160e-01	9.655e-01	2.684e-01	8.945e-01	3.273e-01	1.037e+00	4.077e-01	5.828e-01	1.760e-01
21	8.304e-01	2.402e-01	7.608e-01	3.593e-01	7.596e-01	2.111e-01	7.622e-01	2.415e-01	7.867e-01	3.716e-01	5.610e-01	2.051e-01	6.927e-01	2.959e-01	7.735e-01	2.392e-01	7.626e-01	2.790e-01	7.952e-01	3.253e-01	7.706e-01	1.961e-01
22	8.021e-01	2.320e-01	9.977e-01	3.923e-01	8.399e-01	2.173e-01	7.917e-01	2.392e-01	6.814e-01	3.413e-01	9.901e-01	2.701e-01	8.636e-01	3.160e-01	7.573e-01	2.237e-01	1.183e+00	3.425e-01	1.452e+00	4.394e-01	7.034e-01	1.850e-01
23	6.348e-01	1.962e-01	8.333e-01	3.409e-01	6.577e-01	1.902e-01	6.660e-01	2.164e-01	1.684e+00	5.219e-01	9.743e-01	2.610e-01	8.874e-01	3.144e-01	6.903e-01	2.134e-01	8.813e-01	2.866e-01	5.653e-01	2.669e-01	5.722e-01	1.589e-01
24	8.238e-01	2.206e-01	6.369e-01	3.007e-01	8.384e-01	2.068e-01	7.737e-01	2.238e-01	9.036e-01	3.697e-01	9.070e-01	2.430e-01	5.670e-01	2.421e-01	4.885e-01	1.729e-01	6.361e-01	2.408e-01	7.493e-01	2.944e-01	7.728e-01	1.800e-01
25	1.129e+00	2.500e-01	8.436e-01	3.316e-01	7.259e-01	1.878e-01	8.816e-01	2.361e-01	7.087e-01	3.175e-01	9.311e-01	2.410e-01	7.866e-01	2.787e-01	7.145e-01	2.025e-01	9.850e-01	2.912e-01	8.879e-01	3.146e-01	8.208e-01	1.795e-01
