# /Users/nicolettemeyer/Documents/Dekas_Lab_Work/Hot2Cold/nanoSIMS_September_2021/20210909_std2_3/: 32S
# cell	MEAN1	Poiss_E1	MEAN2	Poiss_E2	MEAN3	Poiss_E3	MEAN4	Poiss_E4	MEAN5	Poiss_E5	MEAN6	Poiss_E6	MEAN7	Poiss_E7	MEAN8	Poiss_E8	MEAN9	Poiss_E9	MEAN10	Poiss_E10	MEAN11	Poiss_E11
# plane	POL=2		POL=1		POL=3		POL=1		POL=1		POL=1		POL=1		POL=1		POL=2		POL=1		POL=1	
1	4.080e+02	2.020e+01	1.780e+02	1.334e+01	6.250e+02	2.500e+01	4.620e+02	2.149e+01	1.770e+02	1.330e+01	4.230e+02	2.057e+01	2.320e+02	1.523e+01	3.420e+02	1.849e+01	7.090e+02	2.663e+01	1.700e+02	1.304e+01	5.300e+02	2.302e+01
2	4.060e+02	2.015e+01	1.760e+02	1.327e+01	7.070e+02	2.659e+01	4.120e+02	2.030e+01	1.530e+02	1.237e+01	5.300e+02	2.302e+01	3.190e+02	1.786e+01	3.340e+02	1.828e+01	7.350e+02	2.711e+01	1.670e+02	1.292e+01	4.990e+02	2.234e+01
3	4.380e+02	2.093e+01	1.910e+02	1.382e+01	7.680e+02	2.771e+01	4.560e+02	2.135e+01	1.770e+02	1.330e+01	5.130e+02	2.265e+01	2.840e+02	1.685e+01	3.550e+02	1.884e+01	6.470e+02	2.544e+01	1.690e+02	1.300e+01	4.840e+02	2.200e+01
4	4.660e+02	2.159e+01	2.060e+02	1.435e+01	9.150e+02	3.025e+01	4.520e+02	2.126e+01	1.830e+02	1.353e+01	5.800e+02	2.408e+01	2.580e+02	1.606e+01	3.810e+02	1.952e+01	6.880e+02	2.623e+01	1.700e+02	1.304e+01	4.950e+02	2.225e+01
5	4.120e+02	2.030e+01	2.000e+02	1.414e+01	9.260e+02	3.043e+01	4.890e+02	2.211e+01	1.990e+02	1.411e+01	5.570e+02	2.360e+01	2.820e+02	1.679e+01	4.280e+02	2.069e+01	6.330e+02	2.516e+01	2.080e+02	1.442e+01	5.960e+02	2.441e+01
6	4.960e+02	2.227e+01	2.010e+02	1.418e+01	1.032e+03	3.212e+01	5.040e+02	2.245e+01	1.820e+02	1.349e+01	6.050e+02	2.460e+01	2.960e+02	1.720e+01	3.810e+02	1.952e+01	6.240e+02	2.498e+01	2.050e+02	1.432e+01	6.000e+02	2.449e+01
7	5.150e+02	2.269e+01	2.380e+02	1.543e+01	1.182e+03	3.438e+01	4.750e+02	2.179e+01	2.160e+02	1.470e+01	6.930e+02	2.632e+01	3.150e+02	1.775e+01	4.290e+02	2.071e+01	5.830e+02	2.415e+01	2.140e+02	1.463e+01	6.360e+02	2.522e+01
8	4.960e+02	2.227e+01	1.950e+02	1.396e+01	1.151e+03	3.393e+01	5.500e+02	2.345e+01	1.970e+02	1.404e+01	6.550e+02	2.559e+01	3.140e+02	1.772e+01	4.420e+02	2.102e+01	5.780e+02	2.404e+01	2.420e+02	1.556e+01	6.270e+02	2.504e+01
9	5.490e+02	2.343e+01	2.280e+02	1.510e+01	1.179e+03	3.434e+01	5.490e+02	2.343e+01	1.940e+02	1.393e+01	7.340e+02	2.709e+01	3.560e+02	1.887e+01	4.880e+02	2.209e+01	6.300e+02	2.510e+01	2.320e+02	1.523e+01	7.230e+02	2.689e+01
10	5.840e+02	2.417e+01	2.630e+02	1.622e+01	1.273e+03	3.568e+01	5.910e+02	2.431e+01	2.360e+02	1.536e+01	7.100e+02	2.665e+01	3.540e+02	1.881e+01	5.200e+02	2.280e+01	6.650e+02	2.579e+01	2.780e+02	1.667e+01	7.050e+02	2.655e+01
11	5.620e+02	2.371e+01	2.420e+02	1.556e+01	1.273e+03	3.568e+01	5.670e+02	2.381e+01	2.460e+02	1.568e+01	7.000e+02	2.646e+01	3.870e+02	1.967e+01	5.780e+02	2.404e+01	5.760e+02	2.400e+01	2.760e+02	1.661e+01	7.120e+02	2.668e+01
12	6.170e+02	2.484e+01	2.850e+02	1.688e+01	1.184e+03	3.441e+01	5.490e+02	2.343e+01	2.630e+02	1.622e+01	7.530e+02	2.744e+01	3.280e+02	1.811e+01	5.810e+02	2.410e+01	5.940e+02	2.437e+01	2.820e+02	1.679e+01	7.640e+02	2.764e+01
13	6.440e+02	2.538e+01	2.950e+02	1.718e+01	1.254e+03	3.541e+01	6.160e+02	2.482e+01	2.390e+02	1.546e+01	7.790e+02	2.791e+01	3.790e+02	1.947e+01	6.060e+02	2.462e+01	6.390e+02	2.528e+01	2.710e+02	1.646e+01	7.810e+02	2.795e+01
14	6.670e+02	2.583e+01	2.580e+02	1.606e+01	1.260e+03	3.550e+01	5.990e+02	2.447e+01	2.690e+02	1.640e+01	7.080e+02	2.661e+01	3.880e+02	1.970e+01	5.820e+02	2.412e+01	7.120e+02	2.668e+01	3.100e+02	1.761e+01	7.930e+02	2.816e+01
15	7.080e+02	2.661e+01	3.420e+02	1.849e+01	1.300e+03	3.606e+01	6.700e+02	2.588e+01	2.740e+02	1.655e+01	7.700e+02	2.775e+01	3.980e+02	1.995e+01	6.310e+02	2.512e+01	6.740e+02	2.596e+01	3.480e+02	1.865e+01	8.370e+02	2.893e+01
16	7.430e+02	2.726e+01	3.160e+02	1.778e+01	1.271e+03	3.565e+01	6.690e+02	2.587e+01	3.110e+02	1.764e+01	7.790e+02	2.791e+01	4.310e+02	2.076e+01	6.370e+02	2.524e+01	7.260e+02	2.694e+01	3.530e+02	1.879e+01	8.430e+02	2.903e+01
17	8.130e+02	2.851e+01	3.330e+02	1.825e+01	1.363e+03	3.692e+01	7.170e+02	2.678e+01	3.030e+02	1.741e+01	8.310e+02	2.883e+01	4.520e+02	2.126e+01	6.680e+02	2.585e+01	6.940e+02	2.634e+01	3.350e+02	1.830e+01	8.670e+02	2.944e+01
18	8.250e+02	2.872e+01	3.980e+02	1.995e+01	1.376e+03	3.709e+01	6.790e+02	2.606e+01	2.730e+02	1.652e+01	8.230e+02	2.869e+01	4.750e+02	2.179e+01	7.420e+02	2.724e+01	7.010e+02	2.648e+01	3.060e+02	1.749e+01	9.270e+02	3.045e+01
19	8.410e+02	2.900e+01	4.030e+02	2.007e+01	1.349e+03	3.673e+01	6.520e+02	2.553e+01	3.150e+02	1.775e+01	8.420e+02	2.902e+01	4.800e+02	2.191e+01	6.940e+02	2.634e+01	6.780e+02	2.604e+01	2.860e+02	1.691e+01	9.700e+02	3.114e+01
20	8.750e+02	2.958e+01	4.210e+02	2.052e+01	1.398e+03	3.739e+01	7.410e+02	2.722e+01	3.670e+02	1.916e+01	8.070e+02	2.841e+01	4.930e+02	2.220e+01	7.440e+02	2.728e+01	7.520e+02	2.742e+01	3.380e+02	1.838e+01	9.580e+02	3.095e+01
21	8.750e+02	2.958e+01	3.330e+02	1.825e+01	1.461e+03	3.822e+01	8.230e+02	2.869e+01	3.770e+02	1.942e+01	8.170e+02	2.858e+01	5.150e+02	2.269e+01	7.250e+02	2.693e+01	8.360e+02	2.891e+01	4.150e+02	2.037e+01	1.013e+03	3.183e+01
22	9.580e+02	3.095e+01	4.010e+02	2.002e+01	1.459e+03	3.820e+01	8.680e+02	2.946e+01	3.780e+02	1.944e+01	7.950e+02	2.820e+01	5.420e+02	2.328e+01	8.090e+02	2.844e+01	8.850e+02	2.975e+01	4.530e+02	2.128e+01	1.065e+03	3.263e+01
23	9.350e+02	3.058e+01	4.190e+02	2.047e+01	1.455e+03	3.814e+01	8.550e+02	2.924e+01	4.010e+02	2.002e+01	8.650e+02	2.941e+01	5.720e+02	2.392e+01	8.180e+02	2.860e+01	8.620e+02	2.936e+01	4.150e+02	2.037e+01	1.159e+03	3.404e+01
24	1.041e+03	3.226e+01	4.440e+02	2.107e+01	1.538e+03	3.922e+01	8.600e+02	2.933e+01	4.120e+02	2.030e+01	8.890e+02	2.982e+01	6.210e+02	2.492e+01	8.710e+02	2.951e+01	8.660e+02	2.943e+01	4.600e+02	2.145e+01	1.133e+03	3.366e+01
25	1.046e+03	3.234e+01	4.800e+02	2.191e+01	1.523e+03	3.903e+01	9.330e+02	3.055e+01	4.400e+02	2.098e+01	9.210e+02	3.035e+01	6.190e+02	2.488e+01	8.570e+02	2.927e+01	1.002e+03	3.165e+01	4.540e+02	2.131e+01	1.181e+03	3.437e+01
