# /Users/nicolettemeyer/Documents/Dekas_Lab_Work/Hot2Cold/nanoSIMS_September_2021/20210907_Std2_5/: (12C13C/(12C2*2+12C13C))*100
# cell	MEAN1	Poiss_E1	MEAN2	Poiss_E2	MEAN3	Poiss_E3	MEAN4	Poiss_E4	MEAN5	Poiss_E5	MEAN6	Poiss_E6	MEAN7	Poiss_E7	MEAN8	Poiss_E8	MEAN9	Poiss_E9
# plane	POL=0		POL=0		POL=0		POL=0		POL=0		POL=0		POL=0		POL=0		POL=0	
1	9.743e-01	2.217e-01	1.352e+00	2.285e-01	9.053e-01	3.321e-01	1.300e+00	3.221e-01	7.767e-01	1.949e-01	8.761e-01	1.634e-01	6.452e-01	2.288e-01	9.040e-01	2.519e-01	1.123e+00	2.965e-01
2	1.078e+00	2.126e-01	9.472e-01	1.799e-01	1.303e+00	3.868e-01	8.570e-01	2.435e-01	1.011e+00	2.054e-01	9.016e-01	1.520e-01	9.317e-01	2.417e-01	9.425e-01	2.487e-01	1.090e+00	2.830e-01
3	1.088e+00	2.015e-01	9.583e-01	1.689e-01	8.671e-01	2.903e-01	1.084e+00	2.644e-01	9.268e-01	1.921e-01	1.018e+00	1.588e-01	1.053e+00	2.460e-01	9.818e-01	2.358e-01	7.934e-01	2.349e-01
4	1.019e+00	1.854e-01	1.232e+00	1.818e-01	8.280e-01	2.771e-01	9.233e-01	2.319e-01	1.141e+00	2.045e-01	1.105e+00	1.588e-01	9.146e-01	2.196e-01	9.033e-01	2.201e-01	9.223e-01	2.476e-01
5	9.508e-01	1.759e-01	1.239e+00	1.755e-01	1.383e+00	3.378e-01	9.668e-01	2.259e-01	9.012e-01	1.726e-01	9.176e-01	1.382e-01	8.960e-01	2.121e-01	1.106e+00	2.344e-01	8.666e-01	2.247e-01
6	1.208e+00	1.898e-01	1.001e+00	1.508e-01	9.847e-01	2.599e-01	7.526e-01	1.889e-01	1.149e+00	1.954e-01	1.013e+00	1.418e-01	9.639e-01	2.089e-01	1.080e+00	2.173e-01	1.044e+00	2.346e-01
7	1.105e+00	1.736e-01	1.187e+00	1.618e-01	8.649e-01	2.409e-01	1.006e+00	2.132e-01	9.393e-01	1.682e-01	1.129e+00	1.424e-01	1.073e+00	2.135e-01	1.040e+00	2.090e-01	9.560e-01	2.148e-01
8	1.042e+00	1.656e-01	1.309e+00	1.641e-01	8.746e-01	2.391e-01	7.467e-01	1.792e-01	1.089e+00	1.775e-01	9.806e-01	1.288e-01	8.480e-01	1.837e-01	9.768e-01	2.004e-01	1.131e+00	2.274e-01
9	1.219e+00	1.743e-01	1.237e+00	1.556e-01	1.011e+00	2.502e-01	1.076e+00	2.122e-01	1.210e+00	1.805e-01	1.068e+00	1.302e-01	1.160e+00	2.130e-01	1.119e+00	2.038e-01	8.023e-01	1.824e-01
10	1.023e+00	1.578e-01	1.072e+00	1.409e-01	1.286e+00	2.698e-01	1.070e+00	2.051e-01	1.115e+00	1.671e-01	1.039e+00	1.285e-01	1.073e+00	1.986e-01	1.010e+00	1.885e-01	8.644e-01	1.851e-01
11	1.113e+00	1.576e-01	1.047e+00	1.387e-01	8.435e-01	2.152e-01	9.602e-01	1.857e-01	9.556e-01	1.538e-01	9.274e-01	1.183e-01	7.192e-01	1.594e-01	1.109e+00	1.941e-01	1.196e+00	2.110e-01
12	1.192e+00	1.589e-01	1.089e+00	1.391e-01	8.079e-01	2.060e-01	9.569e-01	1.817e-01	1.047e+00	1.578e-01	9.153e-01	1.132e-01	8.625e-01	1.683e-01	1.091e+00	1.895e-01	9.915e-01	1.866e-01
13	1.043e+00	1.454e-01	1.038e+00	1.305e-01	1.086e+00	2.278e-01	8.870e-01	1.731e-01	9.996e-01	1.481e-01	9.046e-01	1.106e-01	1.008e+00	1.819e-01	9.846e-01	1.749e-01	9.561e-01	1.784e-01
14	1.175e+00	1.538e-01	1.267e+00	1.458e-01	1.104e+00	2.243e-01	1.110e+00	1.928e-01	1.055e+00	1.478e-01	9.955e-01	1.140e-01	1.253e+00	1.982e-01	1.153e+00	1.833e-01	1.042e+00	1.784e-01
15	1.092e+00	1.455e-01	1.042e+00	1.266e-01	9.196e-01	2.092e-01	1.064e+00	1.848e-01	9.826e-01	1.464e-01	1.029e+00	1.138e-01	1.077e+00	1.779e-01	9.884e-01	1.691e-01	9.408e-01	1.658e-01
16	9.304e-01	1.329e-01	1.020e+00	1.234e-01	1.257e+00	2.328e-01	9.892e-01	1.731e-01	9.887e-01	1.405e-01	9.581e-01	1.080e-01	9.842e-01	1.684e-01	9.655e-01	1.640e-01	9.431e-01	1.650e-01
17	1.155e+00	1.470e-01	1.076e+00	1.257e-01	6.946e-01	1.666e-01	7.403e-01	1.471e-01	9.287e-01	1.319e-01	9.910e-01	1.071e-01	9.101e-01	1.592e-01	7.580e-01	1.378e-01	9.354e-01	1.624e-01
18	9.202e-01	1.288e-01	1.034e+00	1.221e-01	1.110e+00	2.211e-01	1.120e+00	1.851e-01	8.856e-01	1.291e-01	1.120e+00	1.113e-01	9.634e-01	1.602e-01	9.430e-01	1.547e-01	8.472e-01	1.481e-01
19	8.156e-01	1.201e-01	1.124e+00	1.256e-01	8.604e-01	1.842e-01	8.475e-01	1.529e-01	1.170e+00	1.459e-01	8.658e-01	9.692e-02	8.955e-01	1.532e-01	8.399e-01	1.447e-01	8.741e-01	1.484e-01
20	1.061e+00	1.354e-01	1.033e+00	1.195e-01	7.987e-01	1.816e-01	9.638e-01	1.649e-01	9.014e-01	1.244e-01	9.372e-01	9.926e-02	9.382e-01	1.509e-01	9.289e-01	1.485e-01	8.174e-01	1.397e-01
21	1.020e+00	1.312e-01	9.847e-01	1.154e-01	6.502e-01	1.559e-01	9.264e-01	1.573e-01	9.689e-01	1.284e-01	1.159e+00	1.109e-01	1.147e+00	1.665e-01	9.189e-01	1.460e-01	7.358e-01	1.306e-01
22	1.033e+00	1.318e-01	9.913e-01	1.143e-01	1.047e+00	1.971e-01	1.022e+00	1.624e-01	9.585e-01	1.265e-01	1.067e+00	1.025e-01	1.045e+00	1.541e-01	9.256e-01	1.444e-01	9.623e-01	1.483e-01
23	1.053e+00	1.309e-01	1.049e+00	1.157e-01	9.561e-01	1.849e-01	8.128e-01	1.400e-01	9.254e-01	1.216e-01	1.007e+00	9.921e-02	8.272e-01	1.356e-01	9.265e-01	1.403e-01	8.813e-01	1.391e-01
24	7.977e-01	1.127e-01	1.131e+00	1.193e-01	1.039e+00	1.906e-01	1.168e+00	1.705e-01	1.032e+00	1.258e-01	9.085e-01	9.242e-02	1.051e+00	1.509e-01	9.516e-01	1.395e-01	6.714e-01	1.182e-01
25	8.944e-01	1.175e-01	1.070e+00	1.137e-01	1.000e+00	1.835e-01	1.079e+00	1.582e-01	9.528e-01	1.197e-01	9.712e-01	9.305e-02	9.916e-01	1.454e-01	9.483e-01	1.368e-01	8.711e-01	1.327e-01
26	9.035e-01	1.177e-01	1.196e+00	1.192e-01	8.601e-01	1.618e-01	1.150e+00	1.636e-01	9.785e-01	1.201e-01	9.838e-01	9.342e-02	7.483e-01	1.252e-01	1.007e+00	1.390e-01	8.622e-01	1.291e-01
27	9.725e-01	1.212e-01	8.988e-01	1.009e-01	8.895e-01	1.645e-01	1.025e+00	1.503e-01	9.228e-01	1.116e-01	9.928e-01	9.165e-02	1.015e+00	1.480e-01	8.761e-01	1.257e-01	8.132e-01	1.238e-01
28	1.140e+00	1.306e-01	8.696e-01	9.921e-02	9.485e-01	1.740e-01	1.154e+00	1.579e-01	1.097e+00	1.196e-01	9.713e-01	8.929e-02	8.597e-01	1.324e-01	9.415e-01	1.312e-01	9.756e-01	1.353e-01
29	1.114e+00	1.264e-01	1.080e+00	1.097e-01	9.473e-01	1.683e-01	9.381e-01	1.413e-01	9.262e-01	1.124e-01	9.054e-01	8.633e-02	8.705e-01	1.275e-01	9.960e-01	1.326e-01	9.310e-01	1.285e-01
30	1.073e+00	1.245e-01	1.097e+00	1.089e-01	6.369e-01	1.347e-01	9.254e-01	1.386e-01	9.747e-01	1.143e-01	9.593e-01	8.800e-02	1.029e+00	1.370e-01	9.370e-01	1.287e-01	1.050e+00	1.352e-01
