# /Users/nicolettemeyer/Documents/Dekas_Lab_Work/Hot2Cold/nanoSIMS_September_2021/20210907_Std2_5/: 12C13C
# cell	MEAN1	Poiss_E1	MEAN2	Poiss_E2	MEAN3	Poiss_E3	MEAN4	Poiss_E4	MEAN5	Poiss_E5	MEAN6	Poiss_E6	MEAN7	Poiss_E7	MEAN8	Poiss_E8	MEAN9	Poiss_E9
# plane	POL=1		POL=1		POL=1		POL=1		POL=1		POL=1		POL=1		POL=1		POL=1	
1	3.900e+01	6.245e+00	7.100e+01	8.426e+00	1.500e+01	3.873e+00	3.300e+01	5.745e+00	3.200e+01	5.657e+00	5.800e+01	7.616e+00	1.600e+01	4.000e+00	2.600e+01	5.099e+00	2.900e+01	5.385e+00
2	5.200e+01	7.211e+00	5.600e+01	7.483e+00	2.300e+01	4.796e+00	2.500e+01	5.000e+00	4.900e+01	7.000e+00	7.100e+01	8.426e+00	3.000e+01	5.477e+00	2.900e+01	5.385e+00	3.000e+01	5.477e+00
3	5.900e+01	7.681e+00	6.500e+01	8.062e+00	1.800e+01	4.243e+00	3.400e+01	5.831e+00	4.700e+01	6.856e+00	8.300e+01	9.110e+00	3.700e+01	6.083e+00	3.500e+01	5.916e+00	2.300e+01	4.796e+00
4	6.100e+01	7.810e+00	9.300e+01	9.644e+00	1.800e+01	4.243e+00	3.200e+01	5.657e+00	6.300e+01	7.937e+00	9.800e+01	9.899e+00	3.500e+01	5.916e+00	3.400e+01	5.831e+00	2.800e+01	5.292e+00
5	5.900e+01	7.681e+00	1.010e+02	1.005e+01	3.400e+01	5.831e+00	3.700e+01	6.083e+00	5.500e+01	7.416e+00	8.900e+01	9.434e+00	3.600e+01	6.000e+00	4.500e+01	6.708e+00	3.000e+01	5.477e+00
6	8.200e+01	9.055e+00	8.900e+01	9.434e+00	2.900e+01	5.385e+00	3.200e+01	5.657e+00	7.000e+01	8.367e+00	1.030e+02	1.015e+01	4.300e+01	6.557e+00	5.000e+01	7.071e+00	4.000e+01	6.325e+00
7	8.200e+01	9.055e+00	1.090e+02	1.044e+01	2.600e+01	5.099e+00	4.500e+01	6.708e+00	6.300e+01	7.937e+00	1.270e+02	1.127e+01	5.100e+01	7.141e+00	5.000e+01	7.071e+00	4.000e+01	6.325e+00
8	8.000e+01	8.944e+00	1.290e+02	1.136e+01	2.700e+01	5.196e+00	3.500e+01	5.916e+00	7.600e+01	8.718e+00	1.170e+02	1.082e+01	4.300e+01	6.557e+00	4.800e+01	6.928e+00	5.000e+01	7.071e+00
9	9.900e+01	9.950e+00	1.280e+02	1.131e+01	3.300e+01	5.745e+00	5.200e+01	7.211e+00	9.100e+01	9.539e+00	1.360e+02	1.166e+01	6.000e+01	7.746e+00	6.100e+01	7.810e+00	3.900e+01	6.245e+00
10	8.500e+01	9.220e+00	1.170e+02	1.082e+01	4.600e+01	6.782e+00	5.500e+01	7.416e+00	9.000e+01	9.487e+00	1.320e+02	1.149e+01	5.900e+01	7.681e+00	5.800e+01	7.616e+00	4.400e+01	6.633e+00
11	1.010e+02	1.005e+01	1.150e+02	1.072e+01	3.100e+01	5.568e+00	5.400e+01	7.348e+00	7.800e+01	8.832e+00	1.240e+02	1.114e+01	4.100e+01	6.403e+00	6.600e+01	8.124e+00	6.500e+01	8.062e+00
12	1.140e+02	1.068e+01	1.240e+02	1.114e+01	3.100e+01	5.568e+00	5.600e+01	7.483e+00	8.900e+01	9.434e+00	1.320e+02	1.149e+01	5.300e+01	7.280e+00	6.700e+01	8.185e+00	5.700e+01	7.550e+00
13	1.040e+02	1.020e+01	1.280e+02	1.131e+01	4.600e+01	6.782e+00	5.300e+01	7.280e+00	9.200e+01	9.592e+00	1.350e+02	1.162e+01	6.200e+01	7.874e+00	6.400e+01	8.000e+00	5.800e+01	7.616e+00
14	1.180e+02	1.086e+01	1.530e+02	1.237e+01	4.900e+01	7.000e+00	6.700e+01	8.185e+00	1.030e+02	1.015e+01	1.540e+02	1.241e+01	8.100e+01	9.000e+00	8.000e+01	8.944e+00	6.900e+01	8.307e+00
15	1.140e+02	1.068e+01	1.370e+02	1.170e+01	3.900e+01	6.245e+00	6.700e+01	8.185e+00	9.100e+01	9.539e+00	1.650e+02	1.285e+01	7.400e+01	8.602e+00	6.900e+01	8.307e+00	6.500e+01	8.062e+00
16	9.900e+01	9.950e+00	1.380e+02	1.175e+01	5.900e+01	7.681e+00	6.600e+01	8.124e+00	1.000e+02	1.000e+01	1.590e+02	1.261e+01	6.900e+01	8.307e+00	7.000e+01	8.367e+00	6.600e+01	8.124e+00
17	1.250e+02	1.118e+01	1.480e+02	1.217e+01	3.500e+01	5.916e+00	5.100e+01	7.141e+00	1.000e+02	1.000e+01	1.730e+02	1.315e+01	6.600e+01	8.124e+00	6.100e+01	7.810e+00	6.700e+01	8.185e+00
18	1.030e+02	1.015e+01	1.450e+02	1.204e+01	5.100e+01	7.141e+00	7.400e+01	8.602e+00	9.500e+01	9.747e+00	2.050e+02	1.432e+01	7.300e+01	8.544e+00	7.500e+01	8.660e+00	6.600e+01	8.124e+00
19	9.300e+01	9.644e+00	1.620e+02	1.273e+01	4.400e+01	6.633e+00	6.200e+01	7.874e+00	1.300e+02	1.140e+01	1.610e+02	1.269e+01	6.900e+01	8.307e+00	6.800e+01	8.246e+00	7.000e+01	8.367e+00
20	1.240e+02	1.114e+01	1.510e+02	1.229e+01	3.900e+01	6.245e+00	6.900e+01	8.307e+00	1.060e+02	1.030e+01	1.800e+02	1.342e+01	7.800e+01	8.832e+00	7.900e+01	8.888e+00	6.900e+01	8.307e+00
21	1.220e+02	1.105e+01	1.470e+02	1.212e+01	3.500e+01	5.916e+00	7.000e+01	8.367e+00	1.150e+02	1.072e+01	2.210e+02	1.487e+01	9.600e+01	9.798e+00	8.000e+01	8.944e+00	6.400e+01	8.000e+00
22	1.240e+02	1.114e+01	1.520e+02	1.233e+01	5.700e+01	7.550e+00	8.000e+01	8.944e+00	1.160e+02	1.077e+01	2.190e+02	1.480e+01	9.300e+01	9.644e+00	8.300e+01	9.110e+00	8.500e+01	9.220e+00
23	1.310e+02	1.145e+01	1.660e+02	1.288e+01	5.400e+01	7.348e+00	6.800e+01	8.246e+00	1.170e+02	1.082e+01	2.080e+02	1.442e+01	7.500e+01	8.660e+00	8.800e+01	9.381e+00	8.100e+01	9.000e+00
24	1.010e+02	1.005e+01	1.820e+02	1.349e+01	6.000e+01	7.746e+00	9.500e+01	9.747e+00	1.360e+02	1.166e+01	1.950e+02	1.396e+01	9.800e+01	9.899e+00	9.400e+01	9.695e+00	6.500e+01	8.062e+00
25	1.170e+02	1.082e+01	1.790e+02	1.338e+01	6.000e+01	7.746e+00	9.400e+01	9.695e+00	1.280e+02	1.131e+01	2.200e+02	1.483e+01	9.400e+01	9.695e+00	9.700e+01	9.849e+00	8.700e+01	9.327e+00
26	1.190e+02	1.091e+01	2.040e+02	1.428e+01	5.700e+01	7.550e+00	1.000e+02	1.000e+01	1.340e+02	1.158e+01	2.240e+02	1.497e+01	7.200e+01	8.485e+00	1.060e+02	1.030e+01	9.000e+01	9.487e+00
27	1.300e+02	1.140e+01	1.600e+02	1.265e+01	5.900e+01	7.681e+00	9.400e+01	9.695e+00	1.380e+02	1.175e+01	2.370e+02	1.539e+01	9.500e+01	9.747e+00	9.800e+01	9.899e+00	8.700e+01	9.327e+00
28	1.540e+02	1.241e+01	1.550e+02	1.245e+01	6.000e+01	7.746e+00	1.080e+02	1.039e+01	1.700e+02	1.304e+01	2.390e+02	1.546e+01	8.500e+01	9.220e+00	1.040e+02	1.020e+01	1.050e+02	1.025e+01
29	1.570e+02	1.253e+01	1.960e+02	1.400e+01	6.400e+01	8.000e+00	8.900e+01	9.434e+00	1.370e+02	1.170e+01	2.220e+02	1.490e+01	9.400e+01	9.695e+00	1.140e+02	1.068e+01	1.060e+02	1.030e+01
30	1.500e+02	1.225e+01	2.050e+02	1.432e+01	4.500e+01	6.708e+00	9.000e+01	9.487e+00	1.470e+02	1.212e+01	2.400e+02	1.549e+01	1.140e+02	1.068e+01	1.070e+02	1.034e+01	1.220e+02	1.105e+01
